id,terrestrial_date,sol,ls,month,min_temp,pressure
2,2012-08-16,10,6,6,-75.0,739.0
13,2012-08-17,11,6,6,-76.0,740.0
24,2012-08-18,12,6,6,-76.0,741.0
35,2012-08-19,13,6,6,-74.0,732.0
46,2012-08-20,14,6,6,-74.0,740.0
57,2012-08-21,15,6,6,-78.0,740.0
68,2012-08-22,16,6,6,-77.0,740.0
79,2012-08-23,17,6,6,-76.0,742.0
112,2012-08-27,21,6,6,-74.0,741.0
114,2012-08-28,22,6,6,-74.0,742.0
123,2012-08-29,23,6,6,-75.0,741.0
134,2012-08-30,24,6,6,-75.0,742.0
145,2012-08-31,25,6,6,-75.0,743.0
156,2012-09-01,26,6,6,-76.0,745.0
163,2012-09-02,27,6,6,-75.0,743.0
170,2012-09-03,28,6,6,-75.0,745.0
171,2012-09-04,29,6,6,-75.0,747.0
172,2012-09-05,30,6,6,-74.0,747.0
173,2012-09-06,31,6,6,-74.0,745.0
175,2012-09-08,33,6,6,-73.0,748.0
176,2012-09-10,34,6,6,-73.0,748.0
177,2012-09-11,35,6,6,-73.0,749.0
178,2012-09-12,36,6,6,-73.0,750.0
179,2012-09-13,37,6,6,-73.0,750.0
180,2012-09-14,38,6,6,-73.0,750.0
181,2012-09-15,39,6,6,-75.0,751.0
182,2012-09-16,40,6,6,-75.0,753.0
183,2012-09-17,41,6,6,-75.0,753.0
184,2012-09-18,42,6,6,-75.0,754.0
185,2012-09-19,43,6,6,-74.0,756.0
186,2012-09-20,44,6,6,-75.0,757.0
187,2012-09-21,45,6,6,-74.0,758.0
188,2012-09-22,46,6,6,-74.0,758.0
189,2012-09-23,47,6,6,-75.0,758.0
190,2012-09-24,48,6,6,-75.0,759.0
191,2012-09-25,49,6,6,-74.0,761.0
192,2012-09-26,50,6,6,-72.0,761.0
193,2012-09-27,51,6,6,-76.0,762.0
194,2012-09-28,52,6,6,-74.0,762.0
195,2012-09-29,53,6,6,-71.0,764.0
196,2012-09-30,54,7,7,-72.0,766.0
197,2012-10-01,55,7,7,-74.0,766.0
198,2012-10-02,56,7,7,-73.0,768.0
199,2012-10-03,57,7,7,-73.0,769.0
200,2012-10-04,58,7,7,-74.0,769.0
201,2012-10-05,59,7,7,-76.0,771.0
202,2012-10-06,60,7,7,-75.0,772.0
203,2012-10-07,61,7,7,-72.0,772.0
204,2012-10-08,62,7,7,-72.0,774.0
205,2012-10-09,63,7,7,-73.0,775.0
206,2012-10-10,64,7,7,-74.0,776.0
207,2012-10-11,65,7,7,-72.0,777.0
208,2012-10-12,66,7,7,-73.0,778.0
209,2012-10-13,67,7,7,-73.0,780.0
210,2012-10-14,68,7,7,-71.0,781.0
211,2012-10-15,69,7,7,-73.0,778.0
212,2012-10-17,70,7,7,-72.0,783.0
213,2012-10-18,71,7,7,-71.0,784.0
214,2012-10-19,72,7,7,-73.0,785.0
215,2012-10-20,73,7,7,-70.0,788.0
216,2012-10-21,74,7,7,-72.0,790.0
217,2012-10-22,75,7,7,-73.0,791.0
218,2012-10-23,76,7,7,-73.0,792.0
219,2012-10-24,77,7,7,-71.0,792.0
220,2012-10-25,78,7,7,-71.0,793.0
221,2012-10-26,79,7,7,-73.0,795.0
222,2012-10-27,80,7,7,-70.0,796.0
223,2012-10-28,81,7,7,-72.0,798.0
224,2012-10-29,82,7,7,-72.0,799.0
225,2012-10-30,83,7,7,-72.0,801.0
226,2012-10-31,84,7,7,-70.0,801.0
227,2012-11-01,85,7,7,-71.0,805.0
228,2012-11-02,86,7,7,-71.0,808.0
229,2012-11-03,87,7,7,-70.0,808.0
230,2012-11-04,88,7,7,-70.0,811.0
231,2012-11-05,89,7,7,-73.0,813.0
233,2012-11-06,90,7,7,-71.0,813.0
234,2012-11-07,91,7,7,-74.0,817.0
235,2012-11-08,92,7,7,-74.0,820.0
236,2012-11-09,93,7,7,-72.0,819.0
237,2012-11-10,94,7,7,-70.0,822.0
238,2012-11-11,95,7,7,-68.0,822.0
239,2012-11-12,96,7,7,-71.0,826.0
240,2012-11-13,97,7,7,-68.0,828.0
241,2012-11-14,98,7,7,-68.0,828.0
242,2012-11-15,99,7,7,-68.0,829.0
3,2012-11-16,100,7,7,-66.0,829.0
4,2012-11-17,101,7,7,-65.0,830.0
5,2012-11-18,102,7,7,-67.0,833.0
6,2012-11-19,103,7,7,-66.0,836.0
7,2012-11-20,104,8,8,-67.0,838.0
8,2012-11-21,105,8,8,-66.0,839.0
9,2012-11-23,106,8,8,-66.0,841.0
10,2012-11-24,107,8,8,-66.0,844.0
11,2012-11-25,108,8,8,-65.0,845.0
12,2012-11-26,109,8,8,-64.0,844.0
14,2012-11-27,110,8,8,-65.0,848.0
15,2012-11-28,111,8,8,-66.0,849.0
16,2012-11-29,112,8,8,-65.0,852.0
17,2012-11-30,113,8,8,-66.0,857.0
18,2012-12-01,114,8,8,-69.0,857.0
19,2012-12-02,115,8,8,-66.0,857.0
20,2012-12-03,116,8,8,-67.0,859.0
21,2012-12-04,117,8,8,-66.0,861.0
22,2012-12-05,118,8,8,-65.0,864.0
23,2012-12-06,119,8,8,-66.0,866.0
25,2012-12-07,120,8,8,-67.0,867.0
26,2012-12-08,121,8,8,-66.0,869.0
27,2012-12-09,122,8,8,-65.0,869.0
28,2012-12-10,123,8,8,-66.0,875.0
29,2012-12-11,124,8,8,-66.0,876.0
30,2012-12-12,125,8,8,-68.0,880.0
31,2012-12-13,126,8,8,-66.0,880.0
32,2012-12-14,127,8,8,-67.0,884.0
33,2012-12-15,128,8,8,-67.0,883.0
34,2012-12-16,129,8,8,-65.0,886.0
36,2012-12-17,130,8,8,-65.0,888.0
37,2012-12-18,131,8,8,-65.0,889.0
38,2012-12-19,132,8,8,-65.0,890.0
39,2012-12-20,133,8,8,-65.0,891.0
40,2012-12-21,134,8,8,-67.0,893.0
41,2012-12-22,135,8,8,-65.0,894.0
42,2012-12-23,136,8,8,-65.0,897.0
43,2012-12-24,137,8,8,-64.0,896.0
44,2012-12-25,138,8,8,-65.0,899.0
45,2012-12-26,139,8,8,-66.0,899.0
47,2012-12-27,140,8,8,-66.0,903.0
48,2012-12-28,141,8,8,-64.0,904.0
49,2012-12-29,142,8,8,-65.0,906.0
50,2012-12-31,143,8,8,-63.0,908.0
51,2013-01-01,144,8,8,-64.0,907.0
52,2013-01-02,145,8,8,-64.0,909.0
53,2013-01-03,146,8,8,-65.0,908.0
54,2013-01-04,147,8,8,-65.0,914.0
55,2013-01-05,148,8,8,-65.0,912.0
56,2013-01-06,149,8,8,-65.0,914.0
58,2013-01-07,150,8,8,-64.0,913.0
59,2013-01-08,151,9,9,-65.0,915.0
60,2013-01-09,152,9,9,-63.0,914.0
61,2013-01-10,153,9,9,-65.0,915.0
62,2013-01-11,154,9,9,-65.0,917.0
63,2013-01-12,155,9,9,-64.0,917.0
64,2013-01-13,156,9,9,-65.0,922.0
65,2013-01-14,157,9,9,-64.0,920.0
66,2013-01-15,158,9,9,-66.0,922.0
67,2013-01-16,159,9,9,-65.0,918.0
69,2013-01-17,160,9,9,-67.0,919.0
70,2013-01-18,161,9,9,-65.0,919.0
71,2013-01-19,162,9,9,-65.0,919.0
72,2013-01-20,163,9,9,-65.0,919.0
73,2013-01-21,164,9,9,-64.0,919.0
74,2013-01-22,165,9,9,-65.0,922.0
75,2013-01-23,166,9,9,-65.0,922.0
76,2013-01-24,167,9,9,-65.0,920.0
77,2013-01-25,168,9,9,-66.0,923.0
78,2013-01-26,169,9,9,-66.0,922.0
80,2013-01-27,170,9,9,-66.0,925.0
81,2013-01-28,171,9,9,-67.0,925.0
82,2013-01-29,172,9,9,-67.0,923.0
83,2013-01-30,173,9,9,-67.0,920.0
84,2013-01-31,174,9,9,-67.0,921.0
85,2013-02-01,175,9,9,-68.0,921.0
86,2013-02-02,176,9,9,-67.0,920.0
87,2013-02-03,177,9,9,-66.0,921.0
88,2013-02-04,178,9,9,-66.0,920.0
89,2013-02-06,179,9,9,-66.0,920.0
91,2013-02-07,180,9,9,-67.0,919.0
92,2013-02-08,181,9,9,-67.0,918.0
93,2013-02-09,182,9,9,-67.0,921.0
94,2013-02-10,183,9,9,-67.0,921.0
95,2013-02-11,184,9,9,-67.0,923.0
96,2013-02-12,185,9,9,-67.0,923.0
97,2013-02-13,186,9,9,-66.0,922.0
98,2013-02-14,187,9,9,-67.0,921.0
99,2013-02-15,188,9,9,-68.0,920.0
100,2013-02-16,189,9,9,-68.0,920.0
102,2013-02-17,190,9,9,-66.0,917.0
103,2013-02-18,191,9,9,-67.0,921.0
106,2013-02-23,196,9,9,-66.0,916.0
107,2013-02-24,197,10,10,-68.0,915.0
108,2013-02-25,198,10,10,-67.0,914.0
109,2013-02-26,199,10,10,-66.0,917.0
116,2013-03-23,223,10,10,-71.0,895.0
117,2013-03-24,224,10,10,-69.0,894.0
118,2013-03-25,225,10,10,-71.0,894.0
119,2013-03-26,226,10,10,-70.0,894.0
120,2013-03-27,227,10,10,-70.0,892.0
121,2013-03-28,228,10,10,-71.0,894.0
122,2013-03-29,229,10,10,-69.0,894.0
124,2013-03-30,230,10,10,-69.0,888.0
125,2013-03-31,231,10,10,-71.0,890.0
126,2013-04-01,232,10,10,-69.0,888.0
127,2013-04-02,233,10,10,-69.0,889.0
128,2013-04-03,234,10,10,-69.0,890.0
129,2013-04-04,235,10,10,-70.0,886.0
130,2013-04-05,236,10,10,-72.0,886.0
131,2013-04-06,237,10,10,-71.0,883.0
132,2013-04-07,238,10,10,-70.0,885.0
133,2013-04-08,239,10,10,-73.0,885.0
135,2013-04-09,240,10,10,-70.0,884.0
136,2013-04-10,241,10,10,-72.0,884.0
137,2013-04-11,242,10,10,-70.0,881.0
138,2013-04-12,243,10,10,-71.0,884.0
139,2013-04-13,244,11,11,-69.0,878.0
140,2013-04-14,245,11,11,-70.0,879.0
141,2013-04-15,246,11,11,-73.0,878.0
142,2013-04-16,247,11,11,-71.0,873.0
143,2013-04-17,248,11,11,-70.0,877.0
144,2013-04-18,249,11,11,-69.0,873.0
146,2013-04-19,250,11,11,-70.0,877.0
147,2013-04-20,251,11,11,-71.0,876.0
148,2013-04-22,252,11,11,-71.0,874.0
149,2013-04-23,253,11,11,-71.0,877.0
150,2013-04-24,254,11,11,-70.0,871.0
151,2013-04-25,255,11,11,-69.0,877.0
152,2013-04-26,256,11,11,-70.0,871.0
153,2013-04-27,257,11,11,-70.0,871.0
154,2013-04-28,258,11,11,-71.0,869.0
155,2013-04-29,259,11,11,-72.0,871.0
157,2013-04-30,260,11,11,-70.0,875.0
158,2013-05-01,261,11,11,-70.0,868.0
161,2013-05-08,268,11,11,-70.0,864.0
162,2013-05-09,269,11,11,-72.0,866.0
164,2013-05-10,270,11,11,-67.0,863.0
165,2013-05-11,271,11,11,-69.0,864.0
166,2013-05-12,272,11,11,-71.0,864.0
167,2013-05-13,273,11,11,-70.0,861.0
168,2013-05-14,274,11,11,-70.0,861.0
169,2013-05-15,275,11,11,-67.0,860.0
244,2013-05-16,276,11,11,-69.0,858.0
245,2013-05-17,277,11,11,-69.0,857.0
246,2013-05-18,278,11,11,-67.0,855.0
247,2013-05-19,279,11,11,-68.0,856.0
248,2013-05-20,280,11,11,-69.0,856.0
249,2013-05-21,281,11,11,-68.0,855.0
250,2013-05-22,282,11,11,-72.0,856.0
251,2013-05-23,283,11,11,-68.0,854.0
252,2013-05-24,284,11,11,-71.0,854.0
253,2013-05-25,285,11,11,-70.0,852.0
254,2013-05-26,286,11,11,-71.0,854.0
255,2013-05-27,287,11,11,-72.0,856.0
256,2013-05-29,288,11,11,-69.0,854.0
257,2013-05-30,289,11,11,-71.0,854.0
258,2013-05-31,290,11,11,-71.0,853.0
259,2013-06-01,291,11,11,-70.0,853.0
260,2013-06-02,292,11,11,-71.0,853.0
261,2013-06-03,293,11,11,-72.0,850.0
262,2013-06-04,294,11,11,-72.0,852.0
263,2013-06-05,295,12,12,-71.0,853.0
264,2013-06-06,296,12,12,-71.0,850.0
265,2013-06-07,297,12,12,-72.0,849.0
266,2013-06-08,298,12,12,-72.0,850.0
267,2013-06-09,299,12,12,-71.0,849.0
286,2013-06-10,300,12,12,-72.0,852.0
276,2013-06-11,301,12,12,-73.0,852.0
287,2013-06-12,302,12,12,-71.0,850.0
283,2013-06-13,303,12,12,-71.0,849.0
281,2013-06-14,304,12,12,-70.0,848.0
275,2013-06-15,305,12,12,-71.0,847.0
280,2013-06-16,306,12,12,-71.0,848.0
279,2013-06-17,307,12,12,-72.0,851.0
282,2013-06-18,308,12,12,-73.0,850.0
284,2013-06-19,309,12,12,-72.0,848.0
278,2013-06-20,310,12,12,-71.0,849.0
277,2013-06-21,311,12,12,-74.0,846.0
285,2013-06-22,312,12,12,-71.0,845.0
274,2013-06-23,313,12,12,-77.0,849.0
272,2013-06-24,314,12,12,-73.0,848.0
273,2013-06-25,315,12,12,-74.0,850.0
288,2013-06-26,316,12,12,-74.0,851.0
268,2013-06-27,317,12,12,-72.0,849.0
270,2013-06-28,318,12,12,-74.0,849.0
271,2013-06-29,319,12,12,-73.0,847.0
269,2013-06-30,320,12,12,-74.0,846.0
289,2013-07-01,321,12,12,-75.0,847.0
291,2013-07-02,322,12,12,-74.0,849.0
290,2013-07-03,323,12,12,-74.0,847.0
292,2013-07-04,324,12,12,-75.0,850.0
294,2013-07-06,325,12,12,-74.0,847.0
295,2013-07-07,326,12,12,-72.0,848.0
296,2013-07-08,327,12,12,-74.0,848.0
293,2013-07-09,328,12,12,-75.0,847.0
298,2013-07-10,329,12,12,-74.0,847.0
297,2013-07-11,330,12,12,-75.0,848.0
303,2013-07-12,331,12,12,-74.0,848.0
300,2013-07-13,332,12,12,-76.0,849.0
299,2013-07-14,333,12,12,-75.0,849.0
301,2013-07-15,334,12,12,-74.0,852.0
302,2013-07-16,335,12,12,-76.0,852.0
305,2013-07-17,336,12,12,-76.0,852.0
304,2013-07-18,337,12,12,-75.0,853.0
306,2013-07-19,338,12,12,-78.0,848.0
308,2013-07-20,339,12,12,-76.0,849.0
307,2013-07-21,340,12,12,-76.0,851.0
310,2013-07-22,341,12,12,-77.0,852.0
309,2013-07-23,342,12,12,-76.0,851.0
311,2013-07-24,343,12,12,-77.0,850.0
317,2013-07-25,344,12,12,-77.0,851.0
312,2013-07-26,345,12,12,-77.0,853.0
314,2013-07-27,346,12,12,-76.0,853.0
313,2013-07-28,347,12,12,-77.0,851.0
315,2013-07-29,348,12,12,-74.0,850.0
316,2013-07-30,349,12,12,-75.0,852.0
318,2013-07-31,350,12,12,-76.0,853.0
320,2013-08-01,351,1,1,-75.0,853.0
319,2013-08-02,352,1,1,-77.0,854.0
323,2013-08-03,353,1,1,-75.0,855.0
322,2013-08-04,354,1,1,-75.0,857.0
321,2013-08-05,355,1,1,-75.0,857.0
324,2013-08-06,356,1,1,-77.0,856.0
325,2013-08-07,357,1,1,-76.0,857.0
326,2013-08-17,366,1,1,-76.0,861.0
328,2013-08-18,367,1,1,-76.0,862.0
330,2013-08-19,368,1,1,-77.0,863.0
331,2013-08-20,369,1,1,-75.0,865.0
332,2013-08-21,370,1,1,-79.0,865.0
333,2013-08-22,371,1,1,-77.0,865.0
334,2013-08-23,372,1,1,-76.0,866.0
335,2013-08-24,373,1,1,-79.0,866.0
337,2013-08-25,374,1,1,-79.0,866.0
336,2013-08-26,375,1,1,-77.0,867.0
340,2013-08-27,376,1,1,-78.0,870.0
338,2013-08-28,377,1,1,-78.0,870.0
339,2013-08-29,378,1,1,-78.0,869.0
341,2013-08-30,379,1,1,-79.0,870.0
343,2013-08-31,380,1,1,-79.0,870.0
345,2013-09-01,381,1,1,-79.0,871.0
344,2013-09-02,382,1,1,-76.0,872.0
342,2013-09-03,383,1,1,-77.0,874.0
346,2013-09-04,384,1,1,-77.0,875.0
351,2013-09-05,385,1,1,-78.0,874.0
347,2013-09-06,386,1,1,-77.0,873.0
349,2013-09-07,387,1,1,-78.0,874.0
350,2013-09-08,388,1,1,-79.0,875.0
348,2013-09-09,389,1,1,-79.0,875.0
352,2013-09-10,390,1,1,-78.0,875.0
353,2013-09-11,391,1,1,-78.0,875.0
354,2013-09-12,392,1,1,-77.0,876.0
355,2013-09-13,393,1,1,-76.0,877.0
356,2013-09-14,394,1,1,-79.0,878.0
357,2013-09-15,395,1,1,-77.0,878.0
358,2013-09-16,396,1,1,-78.0,879.0
359,2013-09-18,397,1,1,-75.0,880.0
360,2013-09-19,398,1,1,-79.0,880.0
361,2013-09-20,399,1,1,-79.0,881.0
363,2013-09-21,400,1,1,-79.0,881.0
362,2013-09-22,401,1,1,-79.0,882.0
365,2013-09-23,402,1,1,-78.0,883.0
364,2013-09-24,403,1,1,-80.0,883.0
367,2013-09-25,404,1,1,-78.0,884.0
366,2013-09-26,405,1,1,-82.0,885.0
374,2013-09-27,406,1,1,-81.0,886.0
370,2013-09-28,407,1,1,-81.0,887.0
369,2013-09-29,408,1,1,-80.0,887.0
368,2013-09-30,409,1,1,-81.0,887.0
373,2013-10-01,410,1,1,-81.0,888.0
372,2013-10-02,411,1,1,-82.0,887.0
371,2013-10-03,412,2,2,-80.0,888.0
376,2013-10-04,413,2,2,-82.0,888.0
375,2013-10-05,414,2,2,-79.0,889.0
377,2013-10-06,415,2,2,-82.0,890.0
378,2013-10-07,416,2,2,-79.0,889.0
379,2013-10-08,417,2,2,-82.0,890.0
380,2013-10-09,418,2,2,-79.0,891.0
381,2013-10-10,419,2,2,-82.0,891.0
385,2013-10-11,420,2,2,-80.0,892.0
382,2013-10-12,421,2,2,-81.0,890.0
384,2013-10-13,422,2,2,-82.0,891.0
383,2013-10-14,423,2,2,-81.0,892.0
386,2013-10-15,424,2,2,-81.0,893.0
393,2013-10-16,425,2,2,-81.0,893.0
388,2013-10-17,426,2,2,-79.0,893.0
392,2013-10-18,427,2,2,-81.0,893.0
391,2013-10-19,428,2,2,-81.0,894.0
387,2013-10-20,429,2,2,-82.0,895.0
390,2013-10-21,430,2,2,-82.0,896.0
389,2013-10-22,431,2,2,-83.0,895.0
395,2013-10-23,432,2,2,-80.0,896.0
394,2013-10-24,433,2,2,-81.0,895.0
397,2013-10-26,434,2,2,-80.0,896.0
396,2013-10-27,435,2,2,-81.0,896.0
398,2013-10-28,436,2,2,-81.0,897.0
399,2013-10-29,437,2,2,-82.0,898.0
400,2013-10-30,438,2,2,-79.0,899.0
401,2013-10-31,439,2,2,-80.0,899.0
404,2013-11-01,440,2,2,-80.0,899.0
402,2013-11-02,441,2,2,-81.0,900.0
405,2013-11-03,442,2,2,-80.0,900.0
403,2013-11-04,443,2,2,-81.0,901.0
407,2013-11-16,455,2,2,-84.0,905.0
406,2013-11-17,456,2,2,-83.0,905.0
409,2013-11-24,463,2,2,-86.0,906.0
410,2013-11-25,464,2,2,-84.0,906.0
412,2013-11-26,465,2,2,-85.0,906.0
415,2013-11-27,466,2,2,-85.0,907.0
411,2013-11-28,467,2,2,-84.0,907.0
414,2013-11-29,468,2,2,-85.0,907.0
413,2013-11-30,469,2,2,-85.0,908.0
475,2013-12-02,470,2,2,-85.0,907.0
479,2013-12-03,471,2,2,-84.0,906.0
416,2013-12-04,472,2,2,-84.0,907.0
417,2013-12-05,473,2,2,-86.0,907.0
420,2013-12-06,474,2,2,-84.0,906.0
419,2013-12-07,475,2,2,-85.0,906.0
418,2013-12-08,476,2,2,-85.0,906.0
421,2013-12-09,477,3,3,-85.0,907.0
422,2013-12-18,486,3,3,-84.0,904.0
473,2013-12-19,487,3,3,-85.0,904.0
480,2013-12-20,488,3,3,-87.0,903.0
423,2013-12-21,489,3,3,-85.0,904.0
434,2013-12-22,490,3,3,-87.0,903.0
433,2013-12-23,491,3,3,-86.0,903.0
427,2013-12-24,492,3,3,-86.0,903.0
426,2013-12-25,493,3,3,-84.0,902.0
429,2013-12-26,494,3,3,-85.0,902.0
431,2013-12-27,495,3,3,-86.0,900.0
428,2013-12-28,496,3,3,-85.0,901.0
425,2013-12-29,497,3,3,-86.0,901.0
424,2013-12-30,498,3,3,-86.0,901.0
432,2013-12-31,499,3,3,-84.0,899.0
430,2014-01-01,500,3,3,-85.0,897.0
435,2014-01-02,501,3,3,-86.0,898.0
437,2014-01-03,502,3,3,-87.0,898.0
483,2014-01-04,503,3,3,-86.0,897.0
436,2014-01-05,504,3,3,-85.0,895.0
438,2014-01-06,505,3,3,-85.0,895.0
439,2014-01-08,506,3,3,-86.0,894.0
440,2014-01-09,507,3,3,-85.0,894.0
442,2014-01-10,508,3,3,-83.0,893.0
443,2014-01-11,509,3,3,-86.0,895.0
441,2014-01-12,510,3,3,-85.0,892.0
446,2014-01-13,511,3,3,-85.0,892.0
444,2014-01-14,512,3,3,-86.0,890.0
445,2014-01-15,513,3,3,-86.0,889.0
447,2014-01-16,514,3,3,-86.0,888.0
450,2014-01-17,515,3,3,-86.0,888.0
449,2014-01-18,516,3,3,-86.0,888.0
448,2014-01-19,517,3,3,-86.0,885.0
451,2014-01-20,518,3,3,-85.0,885.0
452,2014-01-21,519,3,3,-86.0,884.0
453,2014-01-22,520,3,3,-86.0,884.0
454,2014-01-23,521,3,3,-87.0,882.0
455,2014-01-24,522,3,3,-85.0,881.0
458,2014-01-25,523,3,3,-85.0,881.0
457,2014-01-26,524,3,3,-85.0,880.0
456,2014-01-27,525,3,3,-87.0,878.0
459,2014-01-28,526,3,3,-87.0,878.0
460,2014-01-29,527,3,3,-86.0,877.0
461,2014-01-30,528,3,3,-86.0,876.0
462,2014-01-31,529,3,3,-87.0,875.0
463,2014-02-01,530,3,3,-87.0,873.0
465,2014-02-02,531,3,3,-87.0,872.0
464,2014-02-03,532,3,3,-88.0,872.0
466,2014-02-04,533,3,3,-87.0,871.0
467,2014-02-05,534,3,3,-86.0,869.0
468,2014-02-06,535,3,3,-88.0,868.0
470,2014-02-07,536,3,3,-83.0,867.0
469,2014-02-08,537,3,3,-83.0,865.0
472,2014-02-09,538,3,3,-85.0,865.0
476,2014-02-10,539,3,3,-85.0,864.0
481,2014-02-11,540,3,3,-84.0,862.0
482,2014-02-12,541,3,3,-84.0,861.0
477,2014-02-13,542,3,3,-85.0,859.0
486,2014-02-15,543,3,3,-84.0,858.0
487,2014-02-16,544,4,4,-86.0,857.0
490,2014-02-17,545,4,4,-85.0,856.0
489,2014-02-18,546,4,4,-85.0,855.0
488,2014-02-19,547,4,4,-85.0,853.0
491,2014-02-20,548,4,4,-86.0,852.0
492,2014-02-21,549,4,4,-87.0,851.0
494,2014-02-22,550,4,4,-85.0,850.0
495,2014-02-23,551,4,4,-85.0,848.0
493,2014-02-24,552,4,4,-86.0,847.0
496,2014-02-25,553,4,4,-84.0,845.0
497,2014-02-26,554,4,4,-84.0,843.0
499,2014-02-27,555,4,4,-85.0,843.0
501,2014-02-28,556,4,4,-85.0,842.0
498,2014-03-01,557,4,4,-85.0,840.0
500,2014-03-02,558,4,4,-85.0,839.0
502,2014-03-03,559,4,4,-85.0,838.0
503,2014-03-04,560,4,4,-86.0,836.0
504,2014-03-05,561,4,4,-85.0,835.0
506,2014-03-06,562,4,4,-85.0,834.0
505,2014-03-07,563,4,4,-87.0,833.0
509,2014-03-08,564,4,4,-86.0,831.0
508,2014-03-09,565,4,4,-85.0,830.0
507,2014-03-10,566,4,4,-86.0,829.0
510,2014-03-11,567,4,4,-86.0,827.0
511,2014-03-12,568,4,4,-86.0,825.0
512,2014-03-13,569,4,4,-85.0,825.0
513,2014-03-14,570,4,4,-84.0,823.0
515,2014-03-15,571,4,4,-84.0,821.0
514,2014-03-16,572,4,4,-85.0,820.0
516,2014-03-17,573,4,4,-84.0,819.0
517,2014-03-18,574,4,4,-85.0,817.0
518,2014-03-19,575,4,4,-82.0,816.0
520,2014-03-20,576,4,4,-84.0,815.0
519,2014-03-21,577,4,4,-84.0,813.0
521,2014-03-22,578,4,4,-83.0,812.0
522,2014-03-24,579,4,4,-82.0,811.0
523,2014-03-25,580,4,4,-83.0,810.0
524,2014-03-26,581,4,4,-84.0,808.0
525,2014-03-27,582,4,4,-84.0,807.0
526,2014-03-28,583,4,4,-82.0,806.0
528,2014-03-29,584,4,4,-82.0,804.0
527,2014-03-30,585,4,4,-83.0,802.0
529,2014-03-31,586,4,4,-82.0,802.0
530,2014-04-01,587,4,4,-85.0,801.0
532,2014-04-02,588,4,4,-84.0,799.0
531,2014-04-03,589,4,4,-85.0,798.0
535,2014-04-04,590,4,4,-82.0,797.0
533,2014-04-05,591,4,4,-82.0,795.0
534,2014-04-06,592,4,4,-83.0,795.0
536,2014-04-07,593,4,4,-83.0,795.0
537,2014-04-08,594,4,4,-83.0,793.0
538,2014-04-09,595,4,4,-83.0,792.0
539,2014-04-10,596,4,4,-82.0,791.0
540,2014-04-11,597,4,4,-84.0,790.0
542,2014-04-12,598,4,4,-84.0,787.0
543,2014-04-13,599,4,4,-84.0,788.0
541,2014-04-14,600,4,4,-81.0,787.0
544,2014-04-15,601,4,4,-82.0,785.0
545,2014-04-16,602,4,4,-82.0,784.0
548,2014-04-17,603,4,4,-83.0,783.0
546,2014-04-18,604,4,4,-84.0,782.0
547,2014-04-19,605,4,4,-83.0,781.0
549,2014-04-20,606,4,4,-84.0,780.0
550,2014-04-21,607,4,4,-83.0,779.0
551,2014-04-22,608,4,4,-85.0,777.0
552,2014-04-23,609,5,5,-84.0,777.0
554,2014-04-24,610,5,5,-85.0,776.0
555,2014-04-25,611,5,5,-84.0,775.0
553,2014-04-26,612,5,5,-85.0,774.0
556,2014-04-27,613,5,5,-84.0,773.0
557,2014-04-28,614,5,5,-82.0,772.0
558,2014-04-29,615,5,5,-83.0,771.0
559,2014-05-01,616,5,5,-82.0,769.0
561,2014-05-02,617,5,5,-84.0,769.0
562,2014-05-03,618,5,5,-83.0,769.0
560,2014-05-04,619,5,5,-82.0,766.0
563,2014-05-05,620,5,5,-83.0,765.0
564,2014-05-06,621,5,5,-82.0,765.0
565,2014-05-07,622,5,5,-84.0,763.0
566,2014-05-08,623,5,5,-83.0,763.0
568,2014-05-09,624,5,5,-82.0,762.0
569,2014-05-10,625,5,5,-81.0,761.0
567,2014-05-11,626,5,5,-82.0,760.0
570,2014-05-12,627,5,5,-82.0,759.0
571,2014-05-13,628,5,5,-81.0,759.0
572,2014-05-14,629,5,5,-84.0,759.0
573,2014-05-15,630,5,5,-82.0,757.0
576,2014-05-16,631,5,5,-81.0,756.0
575,2014-05-17,632,5,5,-79.0,755.0
574,2014-05-18,633,5,5,-81.0,754.0
577,2014-05-19,634,5,5,-82.0,753.0
578,2014-05-20,635,5,5,-82.0,754.0
582,2014-05-21,636,5,5,-81.0,752.0
580,2014-05-22,637,5,5,-80.0,752.0
579,2014-05-23,638,5,5,-80.0,751.0
581,2014-05-24,639,5,5,-80.0,750.0
583,2014-05-25,640,5,5,-81.0,750.0
584,2014-05-26,641,5,5,-81.0,749.0
585,2014-05-27,642,5,5,-80.0,749.0
586,2014-05-28,643,5,5,-80.0,748.0
588,2014-05-29,644,5,5,-80.0,748.0
589,2014-05-30,645,5,5,-81.0,746.0
587,2014-05-31,646,5,5,-81.0,746.0
590,2014-06-01,647,5,5,-79.0,746.0
591,2014-06-02,648,5,5,-80.0,746.0
592,2014-06-03,649,5,5,-79.0,745.0
593,2014-06-04,650,5,5,-80.0,743.0
595,2014-06-05,651,5,5,-80.0,743.0
594,2014-06-07,652,5,5,-79.0,745.0
596,2014-06-08,653,5,5,-80.0,744.0
597,2014-06-09,654,5,5,-79.0,742.0
598,2014-06-10,655,5,5,-77.0,741.0
599,2014-06-11,656,5,5,-80.0,740.0
600,2014-06-12,657,5,5,-79.0,739.0
602,2014-06-13,658,5,5,-79.0,739.0
603,2014-06-14,659,5,5,-77.0,738.0
601,2014-06-15,660,5,5,-78.0,735.0
604,2014-06-16,661,5,5,-76.0,735.0
605,2014-06-17,662,5,5,-77.0,735.0
609,2014-06-18,663,5,5,-77.0,734.0
607,2014-06-19,664,5,5,-78.0,732.0
610,2014-06-20,665,5,5,-78.0,735.0
608,2014-06-21,666,5,5,-77.0,736.0
606,2014-06-22,667,5,5,-76.0,736.0
611,2014-06-23,668,6,6,-75.0,734.0
613,2014-06-24,669,6,6,-84.0,735.0
612,2014-06-25,670,6,6,-79.0,737.0
614,2014-06-26,671,6,6,-79.0,740.0
615,2014-06-27,672,6,6,-78.0,739.0
616,2014-06-28,673,6,6,-78.0,738.0
617,2014-06-29,674,6,6,-80.0,739.0
618,2014-06-30,675,6,6,-80.0,740.0
619,2014-07-01,676,6,6,-80.0,738.0
622,2014-07-02,677,6,6,-78.0,737.0
621,2014-07-03,678,6,6,-77.0,739.0
624,2014-07-04,679,6,6,-77.0,738.0
620,2014-07-05,680,6,6,-76.0,740.0
623,2014-07-06,681,6,6,-79.0,738.0
625,2014-07-07,682,6,6,-77.0,739.0
626,2014-07-08,683,6,6,-79.0,741.0
627,2014-07-09,684,6,6,-75.0,741.0
628,2014-07-10,685,6,6,-77.0,740.0
629,2014-07-11,686,6,6,-76.0,738.0
630,2014-07-12,687,6,6,-77.0,739.0
631,2014-07-14,688,6,6,-77.0,741.0
632,2014-07-15,689,6,6,-76.0,742.0
633,2014-07-16,690,6,6,-77.0,741.0
634,2014-07-17,691,6,6,-76.0,741.0
637,2014-07-18,692,6,6,-76.0,742.0
636,2014-07-19,693,6,6,-76.0,741.0
635,2014-07-20,694,6,6,-75.0,740.0
638,2014-07-21,695,6,6,-76.0,741.0
639,2014-07-22,696,6,6,-75.0,743.0
640,2014-07-23,697,6,6,-74.0,743.0
641,2014-07-24,698,6,6,-77.0,743.0
642,2014-07-25,699,6,6,-76.0,744.0
643,2014-07-26,700,6,6,-75.0,745.0
644,2014-07-27,701,6,6,-77.0,745.0
645,2014-07-28,702,6,6,-76.0,745.0
646,2014-07-29,703,6,6,-75.0,747.0
647,2014-07-30,704,6,6,-75.0,747.0
648,2014-07-31,705,6,6,-76.0,746.0
650,2014-08-01,706,6,6,-76.0,748.0
651,2014-08-02,707,6,6,-76.0,749.0
649,2014-08-03,708,6,6,-76.0,749.0
652,2014-08-04,709,6,6,-73.0,750.0
653,2014-08-05,710,6,6,-77.0,751.0
654,2014-08-06,711,6,6,-75.0,751.0
658,2014-08-07,712,6,6,-77.0,752.0
656,2014-08-08,713,6,6,-76.0,754.0
655,2014-08-09,714,6,6,-76.0,754.0
657,2014-08-10,715,6,6,-73.0,755.0
659,2014-08-11,716,6,6,-75.0,755.0
661,2014-08-12,717,6,6,-76.0,756.0
660,2014-08-13,718,6,6,-77.0,757.0
662,2014-08-14,719,6,6,-77.0,758.0
663,2014-08-15,720,6,6,-74.0,760.0
664,2014-08-16,721,6,6,-73.0,761.0
665,2014-08-17,722,6,6,-74.0,760.0
666,2014-08-18,723,7,7,-73.0,761.0
667,2014-08-19,724,7,7,-74.0,763.0
669,2014-08-21,725,7,7,-73.0,764.0
668,2014-08-22,726,7,7,-75.0,766.0
671,2014-08-23,727,7,7,-76.0,766.0
670,2014-08-24,728,7,7,-74.0,766.0
672,2014-08-25,729,7,7,-75.0,768.0
676,2014-08-26,730,7,7,-76.0,770.0
673,2014-08-27,731,7,7,-75.0,771.0
677,2014-08-28,732,7,7,-75.0,773.0
674,2014-08-29,733,7,7,-74.0,773.0
675,2014-08-30,734,7,7,-73.0,776.0
678,2014-08-31,735,7,7,-73.0,776.0
679,2014-09-01,736,7,7,-76.0,776.0
680,2014-09-02,737,7,7,-74.0,777.0
681,2014-09-03,738,7,7,-75.0,778.0
682,2014-09-04,739,7,7,-77.0,779.0
685,2014-09-05,740,7,7,-76.0,782.0
683,2014-09-06,741,7,7,-70.0,784.0
684,2014-09-07,742,7,7,-72.0,784.0
686,2014-09-08,743,7,7,-72.0,786.0
687,2014-09-09,744,7,7,-75.0,786.0
689,2014-09-10,745,7,7,-74.0,787.0
688,2014-09-11,746,7,7,-76.0,788.0
691,2014-09-12,747,7,7,-73.0,789.0
690,2014-09-13,748,7,7,-71.0,791.0
692,2014-09-14,749,7,7,-73.0,794.0
693,2014-09-15,750,7,7,-72.0,796.0
695,2014-09-16,751,7,7,-72.0,797.0
694,2014-09-17,752,7,7,-71.0,798.0
698,2014-09-18,753,7,7,-73.0,800.0
696,2014-09-19,754,7,7,-73.0,802.0
697,2014-09-20,755,7,7,-74.0,806.0
699,2014-09-21,756,7,7,-73.0,806.0
700,2014-09-22,757,7,7,-73.0,807.0
701,2014-09-23,758,7,7,-71.0,810.0
702,2014-09-24,759,7,7,-77.0,809.0
704,2014-09-25,760,7,7,-70.0,810.0
705,2014-09-27,761,7,7,-72.0,814.0
703,2014-09-28,762,7,7,-75.0,814.0
706,2014-09-29,763,7,7,-78.0,817.0
707,2014-09-30,764,7,7,-73.0,821.0
708,2014-10-01,765,7,7,-73.0,820.0
709,2014-10-02,766,7,7,-70.0,824.0
710,2014-10-03,767,7,7,-71.0,824.0
712,2014-10-04,768,7,7,-73.0,826.0
711,2014-10-05,769,7,7,-73.0,829.0
713,2014-10-06,770,7,7,-70.0,829.0
714,2014-10-07,771,7,7,-71.0,836.0
715,2014-10-08,772,8,8,-71.0,835.0
716,2014-10-09,773,8,8,-70.0,838.0
719,2014-10-10,774,8,8,-73.0,838.0
717,2014-10-11,775,8,8,-71.0,838.0
718,2014-10-12,776,8,8,-72.0,841.0
720,2014-10-13,777,8,8,-72.0,841.0
721,2014-10-14,778,8,8,-70.0,846.0
722,2014-10-15,779,8,8,-71.0,845.0
723,2014-10-16,780,8,8,-72.0,852.0
725,2014-10-17,781,8,8,-74.0,849.0
724,2014-10-18,782,8,8,-71.0,854.0
727,2014-10-19,783,8,8,-69.0,853.0
726,2014-10-20,784,8,8,-69.0,857.0
728,2014-10-21,785,8,8,-74.0,858.0
729,2014-10-22,786,8,8,-74.0,861.0
732,2014-10-23,787,8,8,-73.0,860.0
731,2014-10-24,788,8,8,-68.0,862.0
730,2014-10-25,789,8,8,-68.0,862.0
733,2014-10-26,790,8,8,-68.0,864.0
734,2014-10-27,791,8,8,-70.0,867.0
735,2014-10-28,792,8,8,-71.0,873.0
736,2014-10-29,793,8,8,-71.0,877.0
739,2014-10-30,794,8,8,-68.0,874.0
738,2014-10-31,795,8,8,-68.0,875.0
737,2014-11-01,796,8,8,-65.0,877.0
740,2014-11-03,797,8,8,-65.0,879.0
741,2014-11-04,798,8,8,-67.0,883.0
743,2014-11-05,799,8,8,-70.0,884.0
742,2014-11-06,800,8,8,-67.0,884.0
746,2014-11-07,801,8,8,-70.0,884.0
745,2014-11-08,802,8,8,-69.0,887.0
744,2014-11-09,803,8,8,-69.0,888.0
747,2014-11-10,804,8,8,-73.0,891.0
748,2014-11-11,805,8,8,-70.0,893.0
750,2014-11-12,806,8,8,-69.0,893.0
749,2014-11-13,807,8,8,-71.0,892.0
752,2014-11-14,808,8,8,-67.0,893.0
753,2014-11-15,809,8,8,-70.0,895.0
751,2014-11-16,810,8,8,-69.0,897.0
754,2014-11-17,811,8,8,-71.0,900.0
755,2014-11-18,812,8,8,-75.0,902.0
756,2014-11-19,813,8,8,-67.0,904.0
757,2014-11-20,814,8,8,-68.0,902.0
759,2014-11-21,815,8,8,-69.0,905.0
758,2014-11-22,816,8,8,-74.0,909.0
761,2014-11-23,817,8,8,-69.0,913.0
760,2014-11-24,818,8,8,-68.0,914.0
763,2014-11-25,819,9,9,-71.0,913.0
765,2014-11-26,820,9,9,-68.0,910.0
762,2014-11-27,821,9,9,-68.0,910.0
764,2014-11-28,822,9,9,-71.0,911.0
766,2014-11-29,823,9,9,-69.0,912.0
768,2014-11-30,824,9,9,-67.0,914.0
767,2014-12-01,825,9,9,-67.0,914.0
770,2014-12-02,826,9,9,-68.0,914.0
769,2014-12-03,827,9,9,-68.0,911.0
771,2014-12-04,828,9,9,-71.0,914.0
773,2014-12-05,829,9,9,-71.0,914.0
772,2014-12-06,830,9,9,-68.0,918.0
774,2014-12-07,831,9,9,-68.0,920.0
775,2014-12-08,832,9,9,-68.0,924.0
776,2014-12-09,833,9,9,-69.0,923.0
777,2014-12-11,834,9,9,-68.0,918.0
780,2014-12-12,835,9,9,-69.0,917.0
778,2014-12-13,836,9,9,-69.0,916.0
779,2014-12-14,837,9,9,-69.0,916.0
782,2014-12-15,838,9,9,-69.0,917.0
781,2014-12-16,839,9,9,-70.0,917.0
783,2014-12-17,840,9,9,-74.0,913.0
784,2014-12-18,841,9,9,-75.0,914.0
790,2014-12-19,842,9,9,-69.0,914.0
793,2014-12-20,843,9,9,-69.0,916.0
788,2014-12-21,844,9,9,-68.0,917.0
786,2014-12-22,845,9,9,-73.0,920.0
785,2014-12-23,846,9,9,-74.0,925.0
791,2014-12-24,847,9,9,-69.0,918.0
792,2014-12-25,848,9,9,-69.0,918.0
787,2014-12-26,849,9,9,-69.0,918.0
789,2014-12-27,850,9,9,-68.0,918.0
794,2014-12-28,851,9,9,-68.0,919.0
797,2014-12-29,852,9,9,-73.0,916.0
796,2014-12-30,853,9,9,-67.0,913.0
798,2014-12-31,854,9,9,-66.0,910.0
799,2015-01-01,855,9,9,-69.0,912.0
795,2015-01-02,856,9,9,-68.0,912.0
801,2015-01-03,857,9,9,-76.0,911.0
800,2015-01-04,858,9,9,-73.0,913.0
802,2015-01-05,859,9,9,-72.0,915.0
803,2015-01-06,860,9,9,-69.0,916.0
804,2015-01-07,861,9,9,-70.0,917.0
807,2015-01-08,862,9,9,-70.0,917.0
805,2015-01-09,863,9,9,-72.0,916.0
806,2015-01-10,864,9,9,-70.0,914.0
808,2015-01-11,865,10,10,-70.0,913.0
809,2015-01-12,866,10,10,-71.0,911.0
810,2015-01-13,867,10,10,-71.0,910.0
811,2015-01-14,868,10,10,-71.0,908.0
812,2015-01-15,869,10,10,-72.0,906.0
813,2015-01-17,870,10,10,-74.0,909.0
814,2015-01-18,871,10,10,-70.0,903.0
815,2015-01-19,872,10,10,-72.0,902.0
817,2015-01-28,881,10,10,-73.0,899.0
818,2015-01-29,882,10,10,-76.0,901.0
820,2015-01-30,883,10,10,-74.0,897.0
821,2015-01-31,884,10,10,-71.0,897.0
819,2015-02-01,885,10,10,-71.0,895.0
823,2015-02-02,886,10,10,-73.0,894.0
822,2015-02-03,887,10,10,-73.0,897.0
824,2015-02-04,888,10,10,-70.0,896.0
825,2015-02-05,889,10,10,-70.0,895.0
826,2015-02-06,890,10,10,-72.0,892.0
827,2015-02-07,891,10,10,-72.0,892.0
828,2015-02-08,892,10,10,-71.0,892.0
829,2015-02-09,893,10,10,-72.0,890.0
830,2015-02-10,894,10,10,-75.0,891.0
831,2015-02-11,895,10,10,-72.0,889.0
833,2015-02-12,896,10,10,-70.0,888.0
832,2015-02-13,897,10,10,-72.0,884.0
834,2015-02-14,898,10,10,-72.0,883.0
835,2015-02-15,899,10,10,-75.0,881.0
836,2015-02-16,900,10,10,-70.0,883.0
837,2015-02-17,901,10,10,-71.0,885.0
838,2015-02-18,902,10,10,-68.0,883.0
839,2015-02-19,903,10,10,-71.0,882.0
841,2015-02-20,904,10,10,-71.0,878.0
840,2015-02-21,905,10,10,-71.0,880.0
843,2015-02-22,906,10,10,-76.0,878.0
842,2015-02-24,907,10,10,-75.0,879.0
844,2015-02-25,908,10,10,-71.0,883.0
845,2015-02-26,909,10,10,-70.0,878.0
847,2015-02-27,910,10,10,-73.0,878.0
846,2015-02-28,911,10,10,-70.0,874.0
849,2015-03-01,912,10,10,-75.0,875.0
848,2015-03-02,913,11,11,-71.0,871.0
850,2015-03-03,914,11,11,-71.0,874.0
851,2015-03-04,915,11,11,-71.0,878.0
852,2015-03-05,916,11,11,-71.0,872.0
854,2015-03-06,917,11,11,-76.0,871.0
853,2015-03-07,918,11,11,-71.0,867.0
855,2015-03-08,919,11,11,-74.0,870.0
856,2015-03-09,920,11,11,-72.0,868.0
857,2015-03-10,921,11,11,-70.0,867.0
858,2015-03-11,922,11,11,-73.0,870.0
859,2015-03-12,923,11,11,-72.0,867.0
861,2015-03-13,924,11,11,-74.0,867.0
860,2015-03-14,925,11,11,-71.0,862.0
862,2015-03-15,926,11,11,-76.0,864.0
863,2015-03-16,927,11,11,-76.0,862.0
864,2015-03-17,928,11,11,-72.0,862.0
865,2015-03-18,929,11,11,-75.0,866.0
868,2015-03-19,930,11,11,-75.0,865.0
867,2015-03-20,931,11,11,-69.0,864.0
866,2015-03-21,932,11,11,-71.0,859.0
869,2015-03-22,933,11,11,-71.0,863.0
870,2015-03-23,934,11,11,-73.0,858.0
872,2015-03-24,935,11,11,-75.0,862.0
871,2015-03-25,936,11,11,-72.0,865.0
874,2015-03-26,937,11,11,-73.0,863.0
876,2015-03-29,940,11,11,-73.0,861.0
875,2015-03-30,941,11,11,-74.0,857.0
880,2015-03-31,942,11,11,-74.0,857.0
877,2015-04-02,943,11,11,-73.0,854.0
878,2015-04-03,944,11,11,-70.0,852.0
881,2015-04-04,945,11,11,-72.0,851.0
879,2015-04-05,946,11,11,-77.0,850.0
882,2015-04-06,947,11,11,-70.0,853.0
883,2015-04-07,948,11,11,-73.0,854.0
884,2015-04-08,949,11,11,-72.0,851.0
885,2015-04-09,950,11,11,-73.0,850.0
888,2015-04-10,951,11,11,-75.0,849.0
886,2015-04-11,952,11,11,-69.0,847.0
887,2015-04-12,953,11,11,-71.0,847.0
889,2015-04-13,954,11,11,-73.0,847.0
892,2015-04-17,958,11,11,-74.0,848.0
891,2015-04-18,959,11,11,-78.0,846.0
893,2015-04-19,960,11,11,-76.0,846.0
895,2015-04-20,961,11,11,-71.0,849.0
894,2015-04-21,962,11,11,-73.0,845.0
896,2015-04-22,963,11,11,-71.0,850.0
897,2015-04-23,964,12,12,-72.0,847.0
898,2015-04-24,965,12,12,-75.0,847.0
900,2015-04-25,966,12,12,-73.0,850.0
899,2015-04-26,967,12,12,-74.0,844.0
901,2015-04-27,968,12,12,-71.0,848.0
902,2015-04-28,969,12,12,-72.0,844.0
903,2015-04-29,970,12,12,-71.0,849.0
906,2015-04-30,971,12,12,-71.0,848.0
904,2015-05-01,972,12,12,-73.0,847.0
905,2015-05-02,973,12,12,-72.0,844.0
907,2015-05-03,974,12,12,-73.0,842.0
908,2015-05-04,975,12,12,-73.0,843.0
909,2015-05-05,976,12,12,-75.0,842.0
910,2015-05-06,977,12,12,-75.0,841.0
913,2015-05-07,978,12,12,-73.0,842.0
912,2015-05-09,979,12,12,-79.0,841.0
911,2015-05-10,980,12,12,-73.0,840.0
914,2015-05-11,981,12,12,-73.0,841.0
917,2015-05-12,982,12,12,-74.0,840.0
916,2015-05-13,983,12,12,-76.0,840.0
915,2015-05-14,984,12,12,-74.0,840.0
918,2015-05-15,985,12,12,-78.0,840.0
919,2015-05-16,986,12,12,-74.0,840.0
920,2015-05-17,987,12,12,-74.0,839.0
922,2015-05-18,988,12,12,-75.0,840.0
921,2015-05-19,989,12,12,-74.0,841.0
923,2015-05-20,990,12,12,-76.0,839.0
926,2015-05-21,991,12,12,-73.0,840.0
924,2015-05-22,992,12,12,-73.0,842.0
927,2015-05-23,993,12,12,-73.0,840.0
925,2015-05-24,994,12,12,-79.0,842.0
929,2015-05-25,995,12,12,-74.0,842.0
928,2015-05-26,996,12,12,-72.0,842.0
930,2015-05-27,997,12,12,-74.0,843.0
931,2015-05-28,998,12,12,-73.0,842.0
932,2015-05-30,1000,12,12,-74.0,841.0
933,2015-05-31,1001,12,12,-79.0,843.0
936,2015-06-01,1002,12,12,-77.0,844.0
934,2015-06-02,1003,12,12,-74.0,843.0
935,2015-06-03,1004,12,12,-74.0,842.0
939,2015-06-04,1005,12,12,-75.0,843.0
941,2015-06-05,1006,12,12,-78.0,844.0
937,2015-06-06,1007,12,12,-79.0,845.0
940,2015-06-07,1008,12,12,-79.0,844.0
946,2015-06-08,1009,12,12,-75.0,845.0
947,2015-06-09,1010,12,12,-74.0,846.0
948,2015-06-10,1011,12,12,-78.0,845.0
949,2015-06-11,1012,12,12,-81.0,846.0
953,2015-06-12,1013,12,12,-80.0,846.0
950,2015-06-13,1014,12,12,-77.0,846.0
951,2015-06-14,1015,12,12,-75.0,847.0
952,2015-06-16,1016,12,12,-76.0,847.0
955,2015-06-17,1017,12,12,-78.0,850.0
956,2015-06-18,1018,12,12,-79.0,850.0
954,2015-06-19,1019,1,1,-81.0,849.0
938,2015-06-20,1020,1,1,-63.0,832.0
942,2015-06-21,1021,1,1,-76.0,850.0
944,2015-06-22,1022,1,1,-75.0,852.0
943,2015-06-23,1023,1,1,-76.0,851.0
945,2015-06-24,1024,1,1,-76.0,851.0
958,2015-06-25,1025,1,1,-74.0,851.0
957,2015-06-26,1026,1,1,-78.0,851.0
960,2015-06-28,1028,1,1,-75.0,853.0
959,2015-06-29,1029,1,1,-75.0,856.0
961,2015-06-30,1030,1,1,-77.0,855.0
963,2015-07-01,1031,1,1,-76.0,854.0
962,2015-07-02,1032,1,1,-74.0,854.0
965,2015-07-03,1033,1,1,-77.0,856.0
964,2015-07-04,1034,1,1,-76.0,859.0
966,2015-07-05,1035,1,1,-77.0,857.0
967,2015-07-06,1036,1,1,-76.0,856.0
968,2015-07-07,1037,1,1,-80.0,856.0
969,2015-07-08,1038,1,1,-76.0,858.0
970,2015-07-09,1039,1,1,-77.0,857.0
972,2015-07-10,1040,1,1,-77.0,858.0
971,2015-07-11,1041,1,1,-77.0,859.0
973,2015-07-12,1042,1,1,-76.0,859.0
974,2015-07-13,1043,1,1,-77.0,860.0
975,2015-07-14,1044,1,1,-79.0,860.0
978,2015-07-15,1045,1,1,-80.0,861.0
979,2015-07-16,1046,1,1,-77.0,862.0
977,2015-07-17,1047,1,1,-77.0,863.0
976,2015-07-18,1048,1,1,-78.0,864.0
980,2015-07-19,1049,1,1,-75.0,864.0
981,2015-07-20,1050,1,1,-76.0,863.0
983,2015-07-21,1051,1,1,-76.0,864.0
982,2015-07-23,1052,1,1,-78.0,865.0
984,2015-07-24,1053,1,1,-79.0,865.0
985,2015-07-25,1054,1,1,-77.0,867.0
987,2015-07-26,1055,1,1,-77.0,868.0
986,2015-07-27,1056,1,1,-76.0,868.0
988,2015-07-28,1057,1,1,-78.0,867.0
989,2015-07-29,1058,1,1,-78.0,868.0
990,2015-07-30,1059,1,1,-78.0,870.0
992,2015-07-31,1060,1,1,-78.0,870.0
993,2015-08-01,1061,1,1,-77.0,871.0
991,2015-08-02,1062,1,1,-77.0,871.0
994,2015-08-03,1063,1,1,-79.0,871.0
996,2015-08-04,1064,1,1,-77.0,871.0
995,2015-08-05,1065,1,1,-78.0,873.0
997,2015-08-06,1066,1,1,-78.0,875.0
998,2015-08-07,1067,1,1,-79.0,875.0
1000,2015-08-08,1068,1,1,-76.0,874.0
999,2015-08-09,1069,1,1,-77.0,876.0
1001,2015-08-10,1070,1,1,-80.0,877.0
1002,2015-08-11,1071,1,1,-78.0,878.0
1003,2015-08-12,1072,1,1,-78.0,879.0
1004,2015-08-13,1073,1,1,-82.0,879.0
1005,2015-08-14,1074,1,1,-77.0,878.0
1006,2015-08-15,1075,1,1,-77.0,879.0
1007,2015-08-16,1076,1,1,-81.0,880.0
1008,2015-08-17,1077,1,1,-79.0,880.0
1009,2015-08-18,1078,1,1,-80.0,881.0
1010,2015-08-19,1079,1,1,-80.0,882.0
1013,2015-08-20,1080,1,1,-77.0,882.0
1011,2015-08-21,1081,2,2,-77.0,882.0
1012,2015-08-22,1082,2,2,-79.0,882.0
1014,2015-08-23,1083,2,2,-80.0,883.0
1015,2015-08-24,1084,2,2,-78.0,885.0
1017,2015-08-25,1085,2,2,-79.0,886.0
1016,2015-08-26,1086,2,2,-77.0,885.0
1019,2015-08-27,1087,2,2,-78.0,885.0
1020,2015-08-29,1088,2,2,-77.0,885.0
1018,2015-08-30,1089,2,2,-76.0,885.0
1021,2015-08-31,1090,2,2,-78.0,886.0
1022,2015-09-01,1091,2,2,-77.0,886.0
1023,2015-09-02,1092,2,2,-79.0,886.0
1024,2015-09-03,1093,2,2,-77.0,887.0
1026,2015-09-04,1094,2,2,-80.0,888.0
1027,2015-09-05,1095,2,2,-79.0,888.0
1025,2015-09-06,1096,2,2,-79.0,888.0
1028,2015-09-07,1097,2,2,-78.0,889.0
1029,2015-09-08,1098,2,2,-77.0,890.0
1030,2015-09-09,1099,2,2,-78.0,891.0
1031,2015-09-10,1100,2,2,-79.0,890.0
1034,2015-09-11,1101,2,2,-80.0,891.0
1032,2015-09-12,1102,2,2,-84.0,892.0
1033,2015-09-13,1103,2,2,-81.0,893.0
1035,2015-09-14,1104,2,2,-79.0,893.0
1036,2015-09-15,1105,2,2,-78.0,892.0
1037,2015-09-16,1106,2,2,-82.0,893.0
1040,2015-09-17,1107,2,2,-79.0,893.0
1038,2015-09-18,1108,2,2,-78.0,895.0
1039,2015-09-19,1109,2,2,-82.0,895.0
1041,2015-09-20,1110,2,2,-81.0,895.0
1042,2015-09-21,1111,2,2,-79.0,896.0
1043,2015-09-22,1112,2,2,-80.0,895.0
1044,2015-09-23,1113,2,2,-79.0,895.0
1045,2015-09-24,1114,2,2,-79.0,896.0
1047,2015-09-25,1115,2,2,-80.0,897.0
1046,2015-09-26,1116,2,2,-79.0,898.0
1048,2015-09-27,1117,2,2,-79.0,898.0
1049,2015-09-28,1118,2,2,-80.0,898.0
1050,2015-09-29,1119,2,2,-81.0,899.0
1051,2015-09-30,1120,2,2,-80.0,900.0
1052,2015-10-01,1121,2,2,-81.0,901.0
1053,2015-10-02,1122,2,2,-79.0,901.0
1054,2015-10-03,1123,2,2,-79.0,900.0
1055,2015-10-04,1124,2,2,-80.0,900.0
1056,2015-10-06,1125,2,2,-79.0,900.0
1057,2015-10-07,1126,2,2,-79.0,901.0
1058,2015-10-08,1127,2,2,-80.0,901.0
1059,2015-10-09,1128,2,2,-79.0,902.0
1060,2015-10-10,1129,2,2,-80.0,902.0
1061,2015-10-11,1130,2,2,-81.0,902.0
1062,2015-10-12,1131,2,2,-81.0,902.0
1063,2015-10-13,1132,2,2,-82.0,902.0
1064,2015-10-14,1133,2,2,-82.0,902.0
1065,2015-10-15,1134,2,2,-80.0,902.0
1069,2015-10-16,1135,2,2,-81.0,901.0
1066,2015-10-17,1136,2,2,-82.0,901.0
1068,2015-10-18,1137,2,2,-81.0,901.0
1067,2015-10-19,1138,2,2,-82.0,901.0
1070,2015-10-20,1139,2,2,-80.0,901.0
1071,2015-10-21,1140,2,2,-81.0,901.0
1072,2015-10-22,1141,2,2,-82.0,902.0
1073,2015-10-23,1142,2,2,-82.0,902.0
1074,2015-10-24,1143,2,2,-82.0,901.0
1075,2015-10-25,1144,2,2,-82.0,902.0
1076,2015-10-26,1145,2,2,-82.0,903.0
1077,2015-10-27,1146,3,3,-82.0,902.0
1078,2015-10-28,1147,3,3,-80.0,901.0
1080,2015-10-29,1148,3,3,-80.0,901.0
1079,2015-10-30,1149,3,3,-81.0,902.0
1081,2015-10-31,1150,3,3,-82.0,902.0
1082,2015-11-01,1151,3,3,-82.0,901.0
1086,2015-11-02,1152,3,3,-80.0,901.0
1083,2015-11-03,1153,3,3,-82.0,900.0
1088,2015-11-04,1154,3,3,-84.0,900.0
1084,2015-11-05,1155,3,3,-84.0,900.0
1085,2015-11-06,1156,3,3,-84.0,900.0
1087,2015-11-07,1157,3,3,-82.0,900.0
1089,2015-11-08,1158,3,3,-82.0,898.0
1090,2015-11-09,1159,3,3,-82.0,898.0
1091,2015-11-10,1160,3,3,-80.0,899.0
1092,2015-11-12,1161,3,3,-83.0,898.0
1093,2015-11-13,1162,3,3,-84.0,897.0
1094,2015-11-14,1163,3,3,-86.0,896.0
1095,2015-11-15,1164,3,3,-86.0,896.0
1096,2015-11-16,1165,3,3,-84.0,897.0
1097,2015-11-17,1166,3,3,-84.0,895.0
1098,2015-11-18,1167,3,3,-84.0,894.0
1102,2015-11-19,1168,3,3,-84.0,894.0
1100,2015-11-20,1169,3,3,-89.0,894.0
1101,2015-11-21,1170,3,3,-85.0,893.0
1099,2015-11-22,1171,3,3,-87.0,892.0
1104,2015-11-23,1172,3,3,-87.0,892.0
1103,2015-11-24,1173,3,3,-87.0,892.0
1105,2015-11-25,1174,3,3,-85.0,891.0
1106,2015-11-26,1175,3,3,-85.0,890.0
1107,2015-11-27,1176,3,3,-84.0,890.0
1108,2015-11-28,1177,3,3,-84.0,888.0
1109,2015-11-29,1178,3,3,-86.0,888.0
1110,2015-11-30,1179,3,3,-85.0,887.0
1111,2015-12-01,1180,3,3,-86.0,886.0
1112,2015-12-02,1181,3,3,-86.0,885.0
1114,2015-12-03,1182,3,3,-85.0,884.0
1113,2015-12-04,1183,3,3,-86.0,883.0
1115,2015-12-05,1184,3,3,-85.0,882.0
1116,2015-12-06,1185,3,3,-84.0,881.0
1117,2015-12-07,1186,3,3,-86.0,881.0
1118,2015-12-08,1187,3,3,-84.0,881.0
1119,2015-12-09,1188,3,3,-90.0,881.0
1120,2015-12-10,1189,3,3,-87.0,879.0
1121,2015-12-11,1190,3,3,-87.0,877.0
1122,2015-12-12,1191,3,3,-87.0,876.0
1123,2015-12-13,1192,3,3,-86.0,876.0
1124,2015-12-14,1193,3,3,-84.0,875.0
1125,2015-12-15,1194,3,3,-84.0,873.0
1126,2015-12-16,1195,3,3,-86.0,872.0
1129,2015-12-17,1196,3,3,-86.0,871.0
1127,2015-12-18,1197,3,3,-85.0,869.0
1128,2015-12-20,1198,3,3,-86.0,868.0
1130,2015-12-21,1199,3,3,-86.0,868.0
1131,2015-12-22,1200,3,3,-84.0,866.0
1132,2015-12-23,1201,3,3,-85.0,866.0
1133,2015-12-24,1202,3,3,-85.0,864.0
1136,2015-12-25,1203,3,3,-85.0,863.0
1135,2015-12-26,1204,3,3,-84.0,862.0
1134,2015-12-27,1205,3,3,-86.0,861.0
1137,2015-12-28,1206,3,3,-85.0,859.0
1138,2015-12-29,1207,3,3,-85.0,858.0
1139,2015-12-30,1208,3,3,-85.0,857.0
1141,2015-12-31,1209,3,3,-85.0,855.0
1140,2016-01-01,1210,3,3,-85.0,854.0
1142,2016-01-02,1211,3,3,-83.0,853.0
1143,2016-01-03,1212,3,3,-86.0,851.0
1145,2016-01-04,1213,4,4,-84.0,851.0
1144,2016-01-05,1214,4,4,-85.0,849.0
1146,2016-01-06,1215,4,4,-85.0,848.0
1147,2016-01-07,1216,4,4,-86.0,847.0
1148,2016-01-08,1217,4,4,-88.0,846.0
1149,2016-01-09,1218,4,4,-86.0,845.0
1150,2016-01-10,1219,4,4,-87.0,844.0
1151,2016-01-11,1220,4,4,-87.0,842.0
1152,2016-01-12,1221,4,4,-87.0,841.0
1153,2016-01-13,1222,4,4,-87.0,840.0
1155,2016-01-14,1223,4,4,-88.0,839.0
1154,2016-01-15,1224,4,4,-88.0,837.0
1156,2016-01-16,1225,4,4,-87.0,836.0
1157,2016-01-17,1226,4,4,-87.0,835.0
1158,2016-01-18,1227,4,4,-88.0,833.0
1159,2016-01-19,1228,4,4,-88.0,832.0
1160,2016-01-20,1229,4,4,-88.0,831.0
1161,2016-01-21,1230,4,4,-88.0,830.0
1162,2016-01-22,1231,4,4,-88.0,828.0
1163,2016-01-23,1232,4,4,-88.0,827.0
1164,2016-01-24,1233,4,4,-88.0,826.0
1166,2016-01-26,1234,4,4,-88.0,824.0
1165,2016-01-27,1235,4,4,-88.0,824.0
1170,2016-01-28,1236,4,4,-87.0,822.0
1169,2016-01-29,1237,4,4,-88.0,820.0
1167,2016-01-30,1238,4,4,-87.0,819.0
1168,2016-01-31,1239,4,4,-89.0,818.0
1171,2016-02-01,1240,4,4,-87.0,816.0
1172,2016-02-02,1241,4,4,-87.0,816.0
1173,2016-02-03,1242,4,4,-87.0,815.0
1174,2016-02-04,1243,4,4,-86.0,814.0
1175,2016-02-05,1244,4,4,-85.0,812.0
1176,2016-02-06,1245,4,4,-86.0,811.0
1178,2016-02-07,1246,4,4,-85.0,810.0
1177,2016-02-08,1247,4,4,-85.0,809.0
1179,2016-02-09,1248,4,4,-86.0,807.0
1180,2016-02-10,1249,4,4,-85.0,806.0
1182,2016-02-11,1250,4,4,-85.0,804.0
1185,2016-02-12,1251,4,4,-85.0,803.0
1184,2016-02-13,1252,4,4,-85.0,802.0
1181,2016-02-14,1253,4,4,-85.0,800.0
1183,2016-02-15,1254,4,4,-84.0,799.0
1187,2016-02-16,1255,4,4,-84.0,798.0
1186,2016-02-17,1256,4,4,-84.0,797.0
1188,2016-02-18,1257,4,4,-84.0,794.0
1189,2016-02-19,1258,4,4,-83.0,794.0
1190,2016-02-20,1259,4,4,-84.0,794.0
1191,2016-02-21,1260,4,4,-83.0,792.0
1192,2016-02-22,1261,4,4,-81.0,790.0
1193,2016-02-23,1262,4,4,-81.0,790.0
1194,2016-02-24,1263,4,4,-84.0,788.0
1195,2016-02-25,1264,4,4,-84.0,787.0
1197,2016-02-26,1265,4,4,-81.0,787.0
1196,2016-02-27,1266,4,4,-82.0,787.0
1198,2016-02-28,1267,4,4,-83.0,786.0
1199,2016-02-29,1268,4,4,-83.0,784.0
1201,2016-03-01,1269,4,4,-83.0,782.0
1200,2016-03-03,1270,4,4,-82.0,782.0
1202,2016-03-04,1271,4,4,-84.0,781.0
1203,2016-03-05,1272,4,4,-81.0,780.0
1204,2016-03-06,1273,4,4,-79.0,778.0
1205,2016-03-07,1274,4,4,-82.0,777.0
1206,2016-03-08,1275,4,4,-82.0,775.0
1207,2016-03-09,1276,4,4,-83.0,774.0
1208,2016-03-10,1277,5,5,-84.0,774.0
1210,2016-03-11,1278,5,5,-83.0,773.0
1209,2016-03-12,1279,5,5,-83.0,772.0
1211,2016-03-13,1280,5,5,-84.0,771.0
1212,2016-03-14,1281,5,5,-83.0,769.0
1213,2016-03-15,1282,5,5,-81.0,768.0
1214,2016-03-16,1283,5,5,-82.0,767.0
1216,2016-03-17,1284,5,5,-80.0,767.0
1217,2016-03-18,1285,5,5,-80.0,766.0
1215,2016-03-19,1286,5,5,-80.0,765.0
1218,2016-03-20,1287,5,5,-80.0,764.0
1219,2016-03-21,1288,5,5,-80.0,763.0
1220,2016-03-24,1291,5,5,-80.0,760.0
1222,2016-03-25,1292,5,5,-81.0,760.0
1221,2016-03-26,1293,5,5,-81.0,758.0
1223,2016-03-27,1294,5,5,-79.0,758.0
1224,2016-03-28,1295,5,5,-79.0,757.0
1226,2016-03-29,1296,5,5,-79.0,756.0
1225,2016-03-30,1297,5,5,-80.0,755.0
1229,2016-03-31,1298,5,5,-79.0,755.0
1228,2016-04-01,1299,5,5,-80.0,753.0
1227,2016-04-02,1300,5,5,-79.0,752.0
1230,2016-04-03,1301,5,5,-78.0,752.0
1231,2016-04-04,1302,5,5,-80.0,751.0
1232,2016-04-05,1303,5,5,-78.0,751.0
1233,2016-04-06,1304,5,5,-80.0,750.0
1235,2016-04-07,1305,5,5,-80.0,749.0
1234,2016-04-08,1306,5,5,-79.0,748.0
1236,2016-04-10,1307,5,5,-80.0,748.0
1237,2016-04-11,1308,5,5,-81.0,748.0
1238,2016-04-12,1309,5,5,-81.0,747.0
1239,2016-04-13,1310,5,5,-76.0,745.0
1240,2016-04-14,1311,5,5,-78.0,745.0
1243,2016-04-15,1312,5,5,-77.0,745.0
1241,2016-04-16,1313,5,5,-77.0,745.0
1242,2016-04-17,1314,5,5,-78.0,744.0
1244,2016-04-18,1315,5,5,-77.0,744.0
1245,2016-04-19,1316,5,5,-80.0,744.0
1246,2016-04-20,1317,5,5,-80.0,743.0
1247,2016-04-21,1318,5,5,-80.0,743.0
1248,2016-04-22,1319,5,5,-78.0,742.0
1250,2016-04-23,1320,5,5,-77.0,741.0
1249,2016-04-24,1321,5,5,-77.0,740.0
1251,2016-04-25,1322,5,5,-78.0,740.0
1252,2016-04-26,1323,5,5,-77.0,738.0
1253,2016-04-27,1324,5,5,-78.0,738.0
1256,2016-04-28,1325,5,5,-78.0,738.0
1254,2016-04-29,1326,5,5,-77.0,738.0
1255,2016-04-30,1327,5,5,-76.0,736.0
1257,2016-05-01,1328,5,5,-77.0,735.0
1258,2016-05-02,1329,5,5,-74.0,735.0
1259,2016-05-03,1330,5,5,-78.0,734.0
1260,2016-05-04,1331,5,5,-76.0,734.0
1262,2016-05-05,1332,5,5,-78.0,734.0
1263,2016-05-06,1333,5,5,-76.0,733.0
1261,2016-05-07,1334,5,5,-77.0,732.0
1264,2016-05-08,1335,5,5,-77.0,732.0
1265,2016-05-09,1336,5,5,-75.0,732.0
1266,2016-05-10,1337,6,6,-76.0,734.0
1267,2016-05-11,1338,6,6,-75.0,734.0
1268,2016-05-12,1339,6,6,-77.0,733.0
1269,2016-05-13,1340,6,6,-76.0,734.0
1270,2016-05-14,1341,6,6,-76.0,735.0
1271,2016-05-15,1342,6,6,-80.0,735.0
1272,2016-05-17,1343,6,6,-74.0,735.0
1273,2016-05-18,1344,6,6,-75.0,734.0
1276,2016-05-19,1345,6,6,-75.0,735.0
1274,2016-05-20,1346,6,6,-75.0,737.0
1277,2016-05-21,1347,6,6,-75.0,736.0
1275,2016-05-22,1348,6,6,-76.0,735.0
1278,2016-05-23,1349,6,6,-73.0,737.0
1279,2016-05-24,1350,6,6,-73.0,738.0
1280,2016-05-25,1351,6,6,-72.0,739.0
1283,2016-05-26,1352,6,6,-73.0,736.0
1281,2016-05-27,1353,6,6,-76.0,737.0
1282,2016-05-28,1354,6,6,-75.0,739.0
1284,2016-05-29,1355,6,6,-75.0,740.0
1286,2016-05-30,1356,6,6,-74.0,739.0
1285,2016-05-31,1357,6,6,-72.0,738.0
1287,2016-06-01,1358,6,6,-74.0,738.0
1288,2016-06-02,1359,6,6,-76.0,739.0
1289,2016-06-03,1360,6,6,-76.0,739.0
1290,2016-06-04,1361,6,6,-75.0,739.0
1291,2016-06-05,1362,6,6,-74.0,739.0
1292,2016-06-06,1363,6,6,-75.0,740.0
1293,2016-06-07,1364,6,6,-74.0,740.0
1294,2016-06-08,1365,6,6,-74.0,739.0
1295,2016-06-09,1366,6,6,-75.0,740.0
1296,2016-06-10,1367,6,6,-74.0,743.0
1297,2016-06-11,1368,6,6,-74.0,743.0
1299,2016-06-12,1369,6,6,-73.0,742.0
1298,2016-06-13,1370,6,6,-74.0,744.0
1301,2016-06-14,1371,6,6,-75.0,746.0
1300,2016-06-15,1372,6,6,-74.0,745.0
1303,2016-06-16,1373,6,6,-74.0,746.0
1302,2016-06-17,1374,6,6,-75.0,748.0
1304,2016-06-18,1375,6,6,-73.0,749.0
1305,2016-06-19,1376,6,6,-75.0,749.0
1306,2016-06-20,1377,6,6,-76.0,749.0
1308,2016-06-21,1378,6,6,-76.0,751.0
1307,2016-06-23,1379,6,6,-77.0,751.0
1311,2016-06-24,1380,6,6,-74.0,751.0
1309,2016-06-25,1381,6,6,-73.0,751.0
1310,2016-06-26,1382,6,6,-76.0,752.0
1312,2016-06-27,1383,6,6,-73.0,752.0
1313,2016-06-28,1384,6,6,-74.0,753.0
1314,2016-06-29,1385,6,6,-75.0,755.0
1315,2016-06-30,1386,6,6,-74.0,755.0
1316,2016-07-01,1387,6,6,-74.0,755.0
1317,2016-07-02,1388,6,6,-73.0,756.0
1318,2016-07-12,1398,7,7,-66.0,751.0
1319,2016-07-13,1399,7,7,-73.0,770.0
1322,2016-07-14,1400,7,7,-73.0,770.0
1321,2016-07-15,1401,7,7,-73.0,770.0
1320,2016-07-16,1402,7,7,-75.0,771.0
1323,2016-07-17,1403,7,7,-75.0,771.0
1324,2016-07-18,1404,7,7,-75.0,774.0
1325,2016-07-19,1405,7,7,-75.0,775.0
1328,2016-07-20,1406,7,7,-76.0,775.0
1329,2016-07-21,1407,7,7,-74.0,779.0
1327,2016-07-22,1408,7,7,-75.0,779.0
1326,2016-07-23,1409,7,7,-74.0,781.0
1330,2016-07-24,1410,7,7,-72.0,782.0
1331,2016-07-25,1411,7,7,-72.0,782.0
1333,2016-07-26,1412,7,7,-78.0,784.0
1332,2016-07-27,1413,7,7,-72.0,784.0
1336,2016-07-28,1414,7,7,-73.0,785.0
1334,2016-07-29,1415,7,7,-72.0,787.0
1335,2016-07-31,1416,7,7,-72.0,791.0
1337,2016-08-01,1417,7,7,-70.0,791.0
1338,2016-08-02,1418,7,7,-73.0,793.0
1339,2016-08-03,1419,7,7,-73.0,793.0
1340,2016-08-04,1420,7,7,-71.0,793.0
1343,2016-08-05,1421,7,7,-72.0,797.0
1342,2016-08-06,1422,7,7,-72.0,798.0
1341,2016-08-07,1423,7,7,-71.0,800.0
1344,2016-08-08,1424,7,7,-72.0,803.0
1345,2016-08-09,1425,7,7,-72.0,804.0
1346,2016-08-10,1426,7,7,-71.0,803.0
1347,2016-08-11,1427,7,7,-72.0,807.0
1348,2016-08-12,1428,7,7,-72.0,808.0
1349,2016-08-13,1429,7,7,-70.0,810.0
1351,2016-08-14,1430,7,7,-69.0,810.0
1350,2016-08-15,1431,7,7,-69.0,811.0
1352,2016-08-16,1432,7,7,-71.0,813.0
1353,2016-08-17,1433,7,7,-70.0,818.0
1356,2016-08-18,1434,7,7,-70.0,818.0
1355,2016-08-19,1435,7,7,-71.0,823.0
1354,2016-08-20,1436,7,7,-72.0,825.0
1357,2016-08-21,1437,7,7,-71.0,821.0
1358,2016-08-22,1438,7,7,-68.0,823.0
1360,2016-08-23,1439,7,7,-71.0,828.0
1359,2016-08-24,1440,7,7,-70.0,828.0
1361,2016-08-25,1441,8,8,-74.0,828.0
1362,2016-08-26,1442,8,8,-68.0,829.0
1363,2016-08-27,1443,8,8,-69.0,831.0
1364,2016-08-28,1444,8,8,-69.0,833.0
1365,2016-08-29,1445,8,8,-69.0,836.0
1366,2016-08-30,1446,8,8,-70.0,841.0
1367,2016-08-31,1447,8,8,-74.0,841.0
1369,2016-09-01,1448,8,8,-69.0,841.0
1368,2016-09-02,1449,8,8,-71.0,841.0
1370,2016-09-03,1450,8,8,-69.0,842.0
1371,2016-09-04,1451,8,8,-71.0,842.0
1373,2016-09-06,1452,8,8,-74.0,845.0
1372,2016-09-07,1453,8,8,-73.0,850.0
1374,2016-09-08,1454,8,8,-69.0,854.0
1377,2016-09-09,1455,8,8,-70.0,858.0
1376,2016-09-10,1456,8,8,-69.0,859.0
1375,2016-09-11,1457,8,8,-69.0,860.0
1378,2016-09-12,1458,8,8,-69.0,859.0
1379,2016-09-13,1459,8,8,-71.0,861.0
1380,2016-09-14,1460,8,8,-70.0,865.0
1382,2016-09-15,1461,8,8,-69.0,870.0
1381,2016-09-16,1462,8,8,-68.0,871.0
1383,2016-09-17,1463,8,8,-68.0,871.0
1384,2016-09-18,1464,8,8,-71.0,871.0
1385,2016-09-19,1465,8,8,-68.0,870.0
1386,2016-09-20,1466,8,8,-67.0,873.0
1387,2016-09-21,1467,8,8,-69.0,877.0
1388,2016-09-22,1468,8,8,-70.0,879.0
1389,2016-09-23,1469,8,8,-72.0,881.0
1391,2016-09-24,1470,8,8,-70.0,879.0
1392,2016-09-25,1471,8,8,-71.0,880.0
1390,2016-09-26,1472,8,8,-68.0,879.0
1393,2016-09-27,1473,8,8,-67.0,881.0
1394,2016-09-28,1474,8,8,-68.0,889.0
1396,2016-09-29,1475,8,8,-72.0,890.0
1395,2016-09-30,1476,8,8,-69.0,888.0
1397,2016-10-01,1477,8,8,-72.0,888.0
1399,2016-10-02,1478,8,8,-68.0,887.0
1398,2016-10-03,1479,8,8,-66.0,890.0
1400,2016-10-04,1480,8,8,-68.0,893.0
1401,2016-10-05,1481,8,8,-70.0,893.0
1403,2016-10-06,1482,8,8,-68.0,893.0
1402,2016-10-07,1483,8,8,-68.0,892.0
1404,2016-10-08,1484,8,8,-68.0,895.0
1405,2016-10-09,1485,8,8,-71.0,899.0
1406,2016-10-10,1486,8,8,-71.0,901.0
1407,2016-10-11,1487,8,8,-68.0,901.0
1408,2016-10-12,1488,9,9,-69.0,902.0
1410,2016-10-14,1489,9,9,-68.0,903.0
1411,2016-10-15,1490,9,9,-66.0,904.0
1409,2016-10-16,1491,9,9,-69.0,906.0
1412,2016-10-17,1492,9,9,-68.0,910.0
1413,2016-10-18,1493,9,9,-70.0,905.0
1414,2016-10-19,1494,9,9,-70.0,904.0
1416,2016-10-20,1495,9,9,-71.0,903.0
1415,2016-10-21,1496,9,9,-72.0,906.0
1417,2016-10-22,1497,9,9,-68.0,909.0
1418,2016-10-23,1498,9,9,-68.0,907.0
1419,2016-10-24,1499,9,9,-69.0,903.0
1420,2016-10-25,1500,9,9,-70.0,903.0
1421,2016-10-26,1501,9,9,-69.0,903.0
1422,2016-10-27,1502,9,9,-69.0,907.0
1424,2016-10-28,1503,9,9,-70.0,909.0
1423,2016-10-29,1504,9,9,-69.0,910.0
1425,2016-10-30,1505,9,9,-69.0,906.0
1426,2016-10-31,1506,9,9,-71.0,907.0
1427,2016-11-01,1507,9,9,-70.0,907.0
1428,2016-11-02,1508,9,9,-70.0,907.0
1430,2016-11-03,1509,9,9,-70.0,910.0
1431,2016-11-04,1510,9,9,-70.0,908.0
1429,2016-11-05,1511,9,9,-77.0,908.0
1432,2016-11-06,1512,9,9,-78.0,906.0
1433,2016-11-07,1513,9,9,-74.0,907.0
1434,2016-11-08,1514,9,9,-73.0,906.0
1435,2016-11-09,1515,9,9,-76.0,906.0
1436,2016-11-10,1516,9,9,-71.0,909.0
1437,2016-11-11,1517,9,9,-76.0,911.0
1438,2016-11-12,1518,9,9,-78.0,909.0
1440,2016-11-13,1519,9,9,-72.0,906.0
1439,2016-11-14,1520,9,9,-73.0,905.0
1441,2016-11-15,1521,9,9,-71.0,905.0
1442,2016-11-16,1522,9,9,-71.0,905.0
1443,2016-11-17,1523,9,9,-77.0,905.0
1444,2016-11-18,1524,9,9,-76.0,904.0
1445,2016-11-20,1525,9,9,-74.0,902.0
1446,2016-11-21,1526,9,9,-72.0,900.0
1449,2016-11-22,1527,9,9,-71.0,900.0
1450,2016-11-23,1528,9,9,-72.0,898.0
1451,2016-11-24,1529,9,9,-73.0,900.0
1452,2016-11-25,1530,9,9,-71.0,899.0
1447,2016-11-26,1531,9,9,-76.0,900.0
1448,2016-11-27,1532,9,9,-72.0,900.0
1453,2016-11-28,1533,9,9,-72.0,896.0
1454,2016-11-29,1534,10,10,-73.0,898.0
1455,2016-11-30,1535,10,10,-73.0,900.0
1456,2016-12-01,1536,10,10,-71.0,901.0
1458,2016-12-02,1537,10,10,-74.0,900.0
1457,2016-12-03,1538,10,10,-73.0,898.0
1459,2016-12-04,1539,10,10,-74.0,896.0
1460,2016-12-05,1540,10,10,-72.0,896.0
1461,2016-12-06,1541,10,10,-76.0,895.0
1462,2016-12-07,1542,10,10,-73.0,895.0
1464,2016-12-08,1543,10,10,-74.0,896.0
1463,2016-12-09,1544,10,10,-71.0,894.0
1465,2016-12-10,1545,10,10,-73.0,891.0
1467,2016-12-11,1546,10,10,-73.0,889.0
1466,2016-12-12,1547,10,10,-75.0,887.0
1468,2016-12-13,1548,10,10,-76.0,887.0
1469,2016-12-14,1549,10,10,-76.0,887.0
1472,2016-12-15,1550,10,10,-71.0,888.0
1471,2016-12-16,1551,10,10,-71.0,886.0
1470,2016-12-17,1552,10,10,-74.0,886.0
1474,2016-12-18,1553,10,10,-77.0,884.0
1473,2016-12-19,1554,10,10,-70.0,882.0
1477,2016-12-20,1555,10,10,-71.0,883.0
1478,2016-12-21,1556,10,10,-72.0,883.0
1475,2016-12-22,1557,10,10,-70.0,883.0
1476,2016-12-23,1558,10,10,-72.0,880.0
1484,2016-12-24,1559,10,10,-76.0,879.0
1482,2016-12-25,1560,10,10,-76.0,877.0
1485,2016-12-27,1561,10,10,-77.0,877.0
1479,2016-12-28,1562,10,10,-73.0,877.0
1483,2016-12-29,1563,10,10,-75.0,879.0
1481,2016-12-30,1564,10,10,-70.0,877.0
1480,2016-12-31,1565,10,10,-72.0,874.0
1487,2017-01-01,1566,10,10,-76.0,876.0
1486,2017-01-02,1567,10,10,-70.0,872.0
1488,2017-01-03,1568,10,10,-71.0,876.0
1492,2017-01-04,1569,10,10,-70.0,873.0
1491,2017-01-05,1570,10,10,-71.0,873.0
1490,2017-01-06,1571,10,10,-70.0,873.0
1489,2017-01-07,1572,10,10,-81.0,869.0
1493,2017-01-08,1573,10,10,-74.0,872.0
1495,2017-01-09,1574,10,10,-72.0,868.0
1494,2017-01-10,1575,10,10,-73.0,871.0
1496,2017-01-11,1576,10,10,-72.0,869.0
1498,2017-01-12,1577,10,10,-72.0,866.0
1499,2017-01-13,1578,10,10,-74.0,868.0
1500,2017-01-14,1579,10,10,-73.0,862.0
1497,2017-01-15,1580,10,10,-72.0,867.0
1501,2017-01-16,1581,10,10,-72.0,862.0
1503,2017-01-17,1582,11,11,-74.0,862.0
1502,2017-01-18,1583,11,11,-75.0,862.0
1505,2017-01-19,1584,11,11,-77.0,860.0
1506,2017-01-20,1585,11,11,-76.0,864.0
1504,2017-01-21,1586,11,11,-72.0,858.0
1508,2017-01-22,1587,11,11,-73.0,860.0
1507,2017-01-23,1588,11,11,-72.0,858.0
1510,2017-01-24,1589,11,11,-72.0,857.0
1509,2017-01-25,1590,11,11,-76.0,860.0
1512,2017-01-26,1591,11,11,-73.0,852.0
1511,2017-01-27,1592,11,11,-71.0,857.0
1513,2017-01-28,1593,11,11,-72.0,852.0
1514,2017-01-29,1594,11,11,-74.0,855.0
1515,2017-01-30,1595,11,11,-71.0,855.0
1516,2017-01-31,1596,11,11,-74.0,850.0
1517,2017-02-01,1597,11,11,-73.0,855.0
1519,2017-02-03,1598,11,11,-70.0,849.0
1518,2017-02-04,1599,11,11,-72.0,853.0
1520,2017-02-05,1600,11,11,-71.0,850.0
1522,2017-02-06,1601,11,11,-71.0,853.0
1521,2017-02-07,1602,11,11,-77.0,852.0
1523,2017-02-08,1603,11,11,-76.0,847.0
1524,2017-02-09,1604,11,11,-77.0,850.0
1526,2017-02-10,1605,11,11,-73.0,846.0
1525,2017-02-11,1606,11,11,-75.0,850.0
1528,2017-02-12,1607,11,11,-77.0,846.0
1527,2017-02-13,1608,11,11,-72.0,847.0
1529,2017-02-14,1609,11,11,-71.0,847.0
1534,2017-02-18,1613,11,11,-72.0,846.0
1533,2017-02-19,1614,11,11,-73.0,837.0
1536,2017-02-20,1615,11,11,-73.0,842.0
1535,2017-02-21,1616,11,11,-73.0,848.0
1537,2017-02-22,1617,11,11,-72.0,840.0
1540,2017-02-23,1618,11,11,-71.0,845.0
1538,2017-02-24,1619,11,11,-73.0,841.0
1539,2017-02-25,1620,11,11,-70.0,844.0
1541,2017-02-26,1621,11,11,-73.0,842.0
1542,2017-02-27,1622,11,11,-71.0,841.0
1544,2017-02-28,1623,11,11,-71.0,840.0
1543,2017-03-01,1624,11,11,-72.0,837.0
1546,2017-03-02,1625,11,11,-71.0,839.0
1545,2017-03-03,1626,11,11,-71.0,839.0
1547,2017-03-04,1627,11,11,-72.0,838.0
1549,2017-03-05,1628,11,11,-71.0,839.0
1548,2017-03-06,1629,11,11,-74.0,837.0
1551,2017-03-07,1630,11,11,-77.0,838.0
1550,2017-03-08,1631,11,11,-77.0,837.0
1552,2017-03-09,1632,12,12,-72.0,836.0
1554,2017-03-10,1633,12,12,-75.0,834.0
1553,2017-03-12,1634,12,12,-72.0,834.0
1555,2017-03-13,1635,12,12,-73.0,833.0
1556,2017-03-14,1636,12,12,-72.0,834.0
1557,2017-03-15,1637,12,12,-73.0,833.0
1559,2017-03-16,1638,12,12,-73.0,833.0
1558,2017-03-17,1639,12,12,-71.0,832.0
1561,2017-03-18,1640,12,12,-72.0,832.0
1560,2017-03-19,1641,12,12,-72.0,831.0
1564,2017-03-20,1642,12,12,-72.0,829.0
1563,2017-03-21,1643,12,12,-74.0,832.0
1562,2017-03-22,1644,12,12,-74.0,832.0
1567,2017-03-23,1645,12,12,-74.0,832.0
1565,2017-03-24,1646,12,12,-74.0,831.0
1566,2017-03-25,1647,12,12,-73.0,831.0
1568,2017-03-26,1648,12,12,-73.0,830.0
1569,2017-03-27,1649,12,12,-74.0,830.0
1570,2017-03-28,1650,12,12,-75.0,833.0
1571,2017-03-29,1651,12,12,-77.0,833.0
1572,2017-03-30,1652,12,12,-76.0,834.0
1573,2017-03-31,1653,12,12,-75.0,833.0
1575,2017-04-01,1654,12,12,-75.0,829.0
1574,2017-04-02,1655,12,12,-76.0,831.0
1576,2017-04-03,1656,12,12,-75.0,832.0
1578,2017-04-04,1657,12,12,-75.0,836.0
1577,2017-04-05,1658,12,12,-77.0,835.0
1579,2017-04-06,1659,12,12,-77.0,832.0
1581,2017-04-07,1660,12,12,-74.0,832.0
1580,2017-04-08,1661,12,12,-75.0,831.0
1583,2017-04-09,1662,12,12,-75.0,831.0
1584,2017-04-10,1663,12,12,-74.0,832.0
1586,2017-04-11,1664,12,12,-74.0,832.0
1585,2017-04-12,1665,12,12,-76.0,833.0
1582,2017-04-13,1666,12,12,-76.0,834.0
1588,2017-04-14,1667,12,12,-76.0,833.0
1587,2017-04-15,1668,12,12,-77.0,831.0
1589,2017-04-16,1669,12,12,-74.0,833.0
1590,2017-04-18,1670,12,12,-76.0,834.0
1591,2017-04-19,1671,12,12,-76.0,832.0
1592,2017-04-20,1672,12,12,-74.0,833.0
1594,2017-04-21,1673,12,12,-75.0,836.0
1593,2017-04-22,1674,12,12,-75.0,835.0
1595,2017-04-23,1675,12,12,-75.0,835.0
1596,2017-04-24,1676,12,12,-76.0,837.0
1597,2017-04-25,1677,12,12,-74.0,835.0
1598,2017-04-26,1678,12,12,-74.0,836.0
1599,2017-04-27,1679,12,12,-75.0,836.0
1601,2017-04-28,1680,12,12,-74.0,835.0
1602,2017-04-29,1681,12,12,-74.0,837.0
1603,2017-04-30,1682,12,12,-76.0,839.0
1600,2017-05-01,1683,12,12,-75.0,837.0
1604,2017-05-02,1684,12,12,-75.0,837.0
1605,2017-05-03,1685,12,12,-77.0,838.0
1607,2017-05-04,1686,12,12,-75.0,838.0
1608,2017-05-05,1687,12,12,-75.0,838.0
1606,2017-05-06,1688,1,1,-76.0,840.0
1610,2017-05-07,1689,1,1,-75.0,840.0
1609,2017-05-08,1690,1,1,-76.0,840.0
1614,2017-05-10,1692,1,1,-62.0,820.0
1612,2017-05-11,1693,1,1,-76.0,840.0
1613,2017-05-12,1694,1,1,-76.0,840.0
1611,2017-05-13,1695,1,1,-77.0,840.0
1615,2017-05-14,1696,1,1,-75.0,841.0
1616,2017-05-15,1697,1,1,-77.0,841.0
1618,2017-05-16,1698,1,1,-77.0,842.0
1617,2017-05-17,1699,1,1,-76.0,843.0
1619,2017-05-18,1700,1,1,-76.0,842.0
1620,2017-05-19,1701,1,1,-76.0,841.0
1621,2017-05-20,1702,1,1,-75.0,842.0
1622,2017-05-21,1703,1,1,-76.0,843.0
1625,2017-05-22,1704,1,1,-77.0,844.0
1623,2017-05-23,1705,1,1,-76.0,845.0
1624,2017-05-24,1706,1,1,-77.0,845.0
1627,2017-05-26,1707,1,1,-77.0,846.0
1626,2017-05-27,1708,1,1,-76.0,846.0
1628,2017-05-28,1709,1,1,-76.0,847.0
1629,2017-05-29,1710,1,1,-76.0,848.0
1631,2017-05-30,1711,1,1,-75.0,848.0
1630,2017-05-31,1712,1,1,-77.0,849.0
1635,2017-06-01,1713,1,1,-75.0,850.0
1633,2017-06-02,1714,1,1,-77.0,849.0
1634,2017-06-03,1715,1,1,-77.0,851.0
1632,2017-06-04,1716,1,1,-76.0,850.0
1636,2017-06-05,1717,1,1,-76.0,851.0
1637,2017-06-06,1718,1,1,-77.0,852.0
1639,2017-06-07,1719,1,1,-77.0,853.0
1638,2017-06-08,1720,1,1,-76.0,853.0
1641,2017-06-09,1721,1,1,-76.0,852.0
1640,2017-06-10,1722,1,1,-77.0,854.0
1642,2017-06-11,1723,1,1,-76.0,854.0
1643,2017-06-12,1724,1,1,-77.0,856.0
1644,2017-06-13,1725,1,1,-79.0,857.0
1645,2017-06-14,1726,1,1,-76.0,855.0
1647,2017-06-15,1727,1,1,-75.0,855.0
1648,2017-06-16,1728,1,1,-76.0,855.0
1646,2017-06-17,1729,1,1,-76.0,858.0
1650,2017-06-18,1730,1,1,-77.0,858.0
1649,2017-06-19,1731,1,1,-78.0,857.0
1651,2017-06-20,1732,1,1,-78.0,858.0
1652,2017-06-21,1733,1,1,-77.0,859.0
1655,2017-06-22,1734,1,1,-78.0,859.0
1653,2017-06-23,1735,1,1,-78.0,861.0
1654,2017-06-24,1736,1,1,-77.0,860.0
1656,2017-06-25,1737,1,1,-78.0,861.0
1657,2017-06-26,1738,1,1,-78.0,861.0
1658,2017-06-27,1739,1,1,-77.0,861.0
1662,2017-06-28,1740,1,1,-78.0,861.0
1659,2017-06-29,1741,1,1,-78.0,863.0
1661,2017-06-30,1742,1,1,-77.0,865.0
1660,2017-07-02,1743,1,1,-78.0,863.0
1663,2017-07-03,1744,1,1,-78.0,863.0
1664,2017-07-04,1745,1,1,-78.0,865.0
1665,2017-07-05,1746,1,1,-76.0,866.0
1666,2017-07-06,1747,1,1,-79.0,866.0
1668,2017-07-07,1748,1,1,-79.0,867.0
1667,2017-07-08,1749,2,2,-76.0,867.0
1669,2017-07-09,1750,2,2,-77.0,867.0
1670,2017-07-10,1751,2,2,-78.0,867.0
1671,2017-07-11,1752,2,2,-80.0,867.0
1672,2017-07-12,1753,2,2,-76.0,868.0
1673,2017-07-13,1754,2,2,-78.0,870.0
1674,2017-07-14,1755,2,2,-77.0,870.0
1675,2017-07-15,1756,2,2,-78.0,871.0
1676,2017-07-16,1757,2,2,-78.0,871.0
1677,2017-07-17,1758,2,2,-78.0,871.0
1678,2017-07-18,1759,2,2,-77.0,871.0
1679,2017-07-19,1760,2,2,-78.0,872.0
1684,2017-07-20,1761,2,2,-77.0,872.0
1687,2017-07-21,1762,2,2,-77.0,872.0
1680,2017-07-22,1763,2,2,-78.0,873.0
1682,2017-07-23,1764,2,2,-79.0,872.0
1690,2017-07-24,1765,2,2,-77.0,873.0
1688,2017-07-25,1766,2,2,-79.0,873.0
1691,2017-07-26,1767,2,2,-77.0,874.0
1683,2017-07-27,1768,2,2,-78.0,875.0
1689,2017-07-28,1769,2,2,-76.0,875.0
1686,2017-07-29,1770,2,2,-79.0,875.0
1692,2017-07-30,1771,2,2,-79.0,876.0
1681,2017-07-31,1772,2,2,-78.0,876.0
1685,2017-08-01,1773,2,2,-78.0,876.0
1693,2017-08-02,1774,2,2,-79.0,877.0
1694,2017-08-03,1775,2,2,-80.0,877.0
1696,2017-08-04,1776,2,2,-79.0,877.0
1695,2017-08-05,1777,2,2,-79.0,877.0
1697,2017-08-06,1778,2,2,-81.0,877.0
1698,2017-08-07,1779,2,2,-78.0,878.0
1699,2017-08-09,1780,2,2,-77.0,879.0
1700,2017-08-10,1781,2,2,-78.0,879.0
1701,2017-08-11,1782,2,2,-78.0,878.0
1703,2017-08-12,1783,2,2,-79.0,879.0
1702,2017-08-13,1784,2,2,-80.0,883.0
1704,2017-08-14,1785,2,2,-77.0,881.0
1705,2017-08-16,1787,2,2,-79.0,881.0
1706,2017-08-17,1788,2,2,-79.0,881.0
1708,2017-08-18,1789,2,2,-79.0,881.0
1707,2017-08-19,1790,2,2,-81.0,882.0
1709,2017-08-20,1791,2,2,-79.0,882.0
1710,2017-08-21,1792,2,2,-80.0,883.0
1711,2017-08-22,1793,2,2,-80.0,883.0
1712,2017-08-23,1794,2,2,-80.0,883.0
1714,2017-08-24,1795,2,2,-81.0,882.0
1715,2017-08-25,1796,2,2,-80.0,883.0
1713,2017-08-26,1797,2,2,-79.0,884.0
1716,2017-08-27,1798,2,2,-79.0,883.0
1717,2017-08-28,1799,2,2,-78.0,883.0
1718,2017-08-29,1800,2,2,-80.0,883.0
1719,2017-08-30,1801,2,2,-80.0,882.0
1722,2017-08-31,1802,2,2,-79.0,882.0
1723,2017-09-01,1803,2,2,-78.0,882.0
1720,2017-09-02,1804,2,2,-78.0,883.0
1721,2017-09-03,1805,2,2,-78.0,883.0
1724,2017-09-04,1806,2,2,-80.0,884.0
1725,2017-09-05,1807,2,2,-78.0,884.0
1726,2017-09-06,1808,2,2,-79.0,884.0
1728,2017-09-07,1809,2,2,-80.0,884.0
1729,2017-09-08,1810,2,2,-78.0,883.0
1727,2017-09-09,1811,2,2,-79.0,882.0
1730,2017-09-10,1812,2,2,-79.0,882.0
1731,2017-09-11,1813,2,2,-80.0,881.0
1732,2017-09-12,1814,2,2,-80.0,881.0
1733,2017-09-13,1815,3,3,-81.0,881.0
1734,2017-09-15,1816,3,3,-82.0,882.0
1735,2017-09-16,1817,3,3,-80.0,882.0
1736,2017-09-17,1818,3,3,-81.0,881.0
1737,2017-09-18,1819,3,3,-82.0,880.0
1738,2017-09-19,1820,3,3,-79.0,881.0
1740,2017-09-20,1821,3,3,-81.0,882.0
1739,2017-09-21,1822,3,3,-78.0,881.0
1743,2017-09-22,1823,3,3,-80.0,879.0
1742,2017-09-23,1824,3,3,-80.0,879.0
1741,2017-09-24,1825,3,3,-80.0,878.0
1744,2017-09-25,1826,3,3,-80.0,878.0
1745,2017-09-26,1827,3,3,-80.0,879.0
1746,2017-09-27,1828,3,3,-80.0,878.0
1749,2017-09-28,1829,3,3,-78.0,877.0
1748,2017-09-29,1830,3,3,-80.0,877.0
1747,2017-09-30,1831,3,3,-80.0,876.0
1750,2017-10-01,1832,3,3,-84.0,875.0
1751,2017-10-02,1833,3,3,-81.0,875.0
1752,2017-10-03,1834,3,3,-80.0,875.0
1753,2017-10-04,1835,3,3,-80.0,873.0
1755,2017-10-05,1836,3,3,-81.0,873.0
1756,2017-10-06,1837,3,3,-81.0,872.0
1754,2017-10-07,1838,3,3,-79.0,872.0
1757,2017-10-08,1839,3,3,-80.0,872.0
1758,2017-10-09,1840,3,3,-77.0,871.0
1759,2017-10-10,1841,3,3,-77.0,870.0
1761,2017-10-11,1842,3,3,-79.0,869.0
1760,2017-10-12,1843,3,3,-80.0,869.0
1762,2017-10-13,1844,3,3,-81.0,869.0
1763,2017-10-14,1845,3,3,-80.0,868.0
1765,2017-10-15,1846,3,3,-80.0,868.0
1764,2017-10-16,1847,3,3,-80.0,866.0
1766,2017-10-17,1848,3,3,-80.0,865.0
1770,2017-10-18,1849,3,3,-80.0,864.0
1768,2017-10-19,1850,3,3,-80.0,864.0
1767,2017-10-20,1851,3,3,-87.0,864.0
1769,2017-10-22,1852,3,3,-80.0,863.0
1771,2017-10-23,1853,3,3,-80.0,862.0
1772,2017-10-24,1854,3,3,-80.0,861.0
1773,2017-10-25,1855,3,3,-78.0,861.0
1774,2017-10-26,1856,3,3,-80.0,859.0
1776,2017-10-27,1857,3,3,-80.0,858.0
1775,2017-10-28,1858,3,3,-81.0,857.0
1779,2017-10-29,1859,3,3,-79.0,857.0
1778,2017-10-30,1860,3,3,-80.0,857.0
1780,2017-10-31,1861,3,3,-79.0,855.0
1777,2017-11-01,1862,3,3,-81.0,854.0
1781,2017-11-02,1863,3,3,-80.0,853.0
1782,2017-11-03,1864,3,3,-82.0,852.0
1783,2017-11-04,1865,3,3,-80.0,852.0
1785,2017-11-05,1866,3,3,-80.0,850.0
1784,2017-11-06,1867,3,3,-78.0,848.0
1786,2017-11-07,1868,3,3,-80.0,848.0
1787,2017-11-08,1869,3,3,-81.0,846.0
1788,2017-11-09,1870,3,3,-81.0,845.0
1789,2017-11-10,1871,3,3,-80.0,844.0
1791,2017-11-11,1872,3,3,-79.0,843.0
1790,2017-11-12,1873,3,3,-79.0,842.0
1792,2017-11-13,1874,3,3,-80.0,840.0
1793,2017-11-14,1875,3,3,-79.0,839.0
1794,2017-11-15,1876,3,3,-79.0,838.0
1797,2017-11-16,1877,3,3,-79.0,837.0
1795,2017-11-17,1878,3,3,-79.0,835.0
1796,2017-11-18,1879,3,3,-79.0,834.0
1798,2017-11-19,1880,3,3,-79.0,833.0
1803,2017-11-20,1881,4,4,-79.0,832.0
1801,2017-11-21,1882,4,4,-78.0,831.0
1800,2017-11-22,1883,4,4,-78.0,830.0
1799,2017-11-23,1884,4,4,-79.0,829.0
1804,2017-11-24,1885,4,4,-79.0,827.0
1805,2017-11-25,1886,4,4,-79.0,826.0
1802,2017-11-26,1887,4,4,-79.0,824.0
1807,2017-11-27,1888,4,4,-79.0,823.0
1806,2017-11-29,1889,4,4,-80.0,822.0
1808,2017-11-30,1890,4,4,-79.0,821.0
1810,2017-12-01,1891,4,4,-80.0,819.0
1809,2017-12-02,1892,4,4,-81.0,817.0
1812,2017-12-03,1893,4,4,-79.0,816.0
1811,2017-12-04,1894,4,4,-79.0,815.0
1814,2017-12-05,1895,4,4,-78.0,814.0
1813,2017-12-06,1896,4,4,-79.0,812.0
1817,2017-12-07,1897,4,4,-80.0,811.0
1816,2017-12-08,1898,4,4,-81.0,810.0
1815,2017-12-09,1899,4,4,-81.0,808.0
1818,2017-12-10,1900,4,4,-81.0,807.0
1819,2017-12-11,1901,4,4,-81.0,806.0
1820,2017-12-12,1902,4,4,-79.0,804.0
1821,2017-12-13,1903,4,4,-78.0,803.0
1822,2017-12-14,1904,4,4,-79.0,801.0
1823,2017-12-15,1905,4,4,-80.0,800.0
1824,2017-12-16,1906,4,4,-79.0,799.0
1825,2017-12-17,1907,4,4,-79.0,798.0
1826,2017-12-18,1908,4,4,-79.0,796.0
1827,2017-12-19,1909,4,4,-80.0,795.0
1828,2017-12-20,1910,4,4,-80.0,794.0
1833,2017-12-21,1911,4,4,-79.0,792.0
1832,2017-12-22,1912,4,4,-80.0,791.0
1830,2017-12-23,1913,4,4,-79.0,791.0
1834,2017-12-24,1914,4,4,-78.0,790.0
1835,2017-12-25,1915,4,4,-78.0,788.0
1829,2017-12-26,1916,4,4,-79.0,787.0
1831,2017-12-27,1917,4,4,-80.0,786.0
1839,2017-12-28,1918,4,4,-77.0,784.0
1836,2017-12-29,1919,4,4,-77.0,783.0
1837,2017-12-30,1920,4,4,-77.0,782.0
1838,2017-12-31,1921,4,4,-78.0,781.0
1840,2018-01-01,1922,4,4,-79.0,780.0
1842,2018-01-02,1923,4,4,-77.0,778.0
1841,2018-01-03,1924,4,4,-78.0,777.0
1844,2018-01-05,1925,4,4,-79.0,777.0
1843,2018-01-06,1926,4,4,-80.0,775.0
1845,2018-01-07,1927,4,4,-79.0,774.0
1847,2018-01-08,1928,4,4,-78.0,773.0
1846,2018-01-09,1929,4,4,-79.0,771.0
1848,2018-01-10,1930,4,4,-79.0,770.0
1849,2018-01-11,1931,4,4,-79.0,770.0
1850,2018-01-12,1932,4,4,-79.0,768.0
1852,2018-01-13,1933,4,4,-78.0,767.0
1851,2018-01-14,1934,4,4,-79.0,766.0
1853,2018-01-15,1935,4,4,-80.0,765.0
1855,2018-01-16,1936,4,4,-79.0,764.0
1854,2018-01-17,1937,4,4,-80.0,763.0
1859,2018-01-18,1938,4,4,-78.0,762.0
1857,2018-01-19,1939,4,4,-78.0,760.0
1858,2018-01-20,1940,4,4,-77.0,759.0
1856,2018-01-21,1941,4,4,-77.0,758.0
1860,2018-01-22,1942,4,4,-78.0,757.0
1863,2018-01-23,1943,4,4,-78.0,756.0
1861,2018-01-24,1944,4,4,-80.0,755.0
1862,2018-01-25,1945,4,4,-78.0,754.0
1864,2018-01-26,1946,5,5,-79.0,753.0
1865,2018-01-27,1947,5,5,-78.0,751.0
1866,2018-01-28,1948,5,5,-78.0,752.0
1867,2018-01-29,1949,5,5,-78.0,751.0
1868,2018-01-30,1950,5,5,-79.0,750.0
1869,2018-01-31,1951,5,5,-77.0,749.0
1871,2018-02-01,1952,5,5,-80.0,748.0
1870,2018-02-02,1953,5,5,-78.0,747.0
1872,2018-02-03,1954,5,5,-77.0,745.0
1873,2018-02-04,1955,5,5,-77.0,745.0
1879,2018-02-05,1956,5,5,-79.0,744.0
1875,2018-02-06,1957,5,5,-77.0,742.0
1874,2018-02-07,1958,5,5,-77.0,741.0
1878,2018-02-08,1959,5,5,-78.0,740.0
1876,2018-02-09,1960,5,5,-78.0,740.0
1877,2018-02-11,1961,5,5,-77.0,740.0
1880,2018-02-12,1962,5,5,-78.0,738.0
1881,2018-02-13,1963,5,5,-77.0,737.0
1882,2018-02-14,1964,5,5,-76.0,736.0
1883,2018-02-15,1965,5,5,-76.0,735.0
1884,2018-02-16,1966,5,5,-77.0,735.0
1885,2018-02-17,1967,5,5,-76.0,734.0
1886,2018-02-18,1968,5,5,-76.0,732.0
1887,2018-02-19,1969,5,5,-76.0,732.0
1888,2018-02-20,1970,5,5,-77.0,731.0
1890,2018-02-21,1971,5,5,-78.0,731.0
1891,2018-02-22,1972,5,5,-78.0,730.0
1889,2018-02-23,1973,5,5,-78.0,730.0
1892,2018-02-24,1974,5,5,-77.0,729.0
1894,2018-02-25,1975,5,5,-76.0,729.0
1893,2018-02-26,1976,5,5,-77.0,728.0
1895,2018-02-27,1977,5,5,-77.0,727.0
